#depth	O	O+	O+2	O+3	O+4	O+5	O+6	O+7	O+8	O[1]	O[2]	O[3]
 6.10557e+13	8.74e-08	3.43e-03	9.43e-01	5.33e-02	3.17e-05	0.00e+00	0.00e+00	0.00e+00	0.00e+00	8.56e-08	8.60e-10	9.59e-10
 3.66334e+14	8.75e-08	3.43e-03	9.43e-01	5.31e-02	3.15e-05	0.00e+00	0.00e+00	0.00e+00	0.00e+00	8.57e-08	8.56e-10	9.55e-10
 1.58745e+15	8.78e-08	3.44e-03	9.44e-01	5.24e-02	3.09e-05	0.00e+00	0.00e+00	0.00e+00	0.00e+00	8.59e-08	8.59e-10	9.58e-10
 6.47190e+15	8.88e-08	3.46e-03	9.47e-01	4.97e-02	2.86e-05	0.00e+00	0.00e+00	0.00e+00	0.00e+00	8.70e-08	8.68e-10	9.69e-10
 1.54593e+16	9.07e-08	3.50e-03	9.50e-01	4.62e-02	2.54e-05	0.00e+00	0.00e+00	0.00e+00	0.00e+00	8.89e-08	8.82e-10	9.86e-10
 2.71429e+16	9.33e-08	3.55e-03	9.55e-01	4.17e-02	2.18e-05	0.00e+00	0.00e+00	0.00e+00	0.00e+00	9.14e-08	9.02e-10	1.01e-09
 4.23316e+16	9.68e-08	3.62e-03	9.60e-01	3.64e-02	1.77e-05	0.00e+00	0.00e+00	0.00e+00	0.00e+00	9.48e-08	9.30e-10	1.04e-09
 6.20769e+16	1.01e-07	3.70e-03	9.66e-01	3.03e-02	1.35e-05	0.00e+00	0.00e+00	0.00e+00	0.00e+00	9.92e-08	9.66e-10	1.08e-09
 8.77459e+16	1.07e-07	3.81e-03	9.73e-01	2.36e-02	9.36e-06	0.00e+00	0.00e+00	0.00e+00	0.00e+00	1.05e-07	1.02e-09	1.14e-09
 1.21115e+17	1.15e-07	3.95e-03	9.79e-01	1.70e-02	5.76e-06	0.00e+00	0.00e+00	0.00e+00	0.00e+00	1.13e-07	1.08e-09	1.22e-09
 1.64496e+17	1.26e-07	4.13e-03	9.85e-01	1.09e-02	3.04e-06	0.00e+00	0.00e+00	0.00e+00	0.00e+00	1.24e-07	1.17e-09	1.32e-09
 2.20890e+17	1.41e-07	4.36e-03	9.89e-01	6.22e-03	1.33e-06	0.00e+00	0.00e+00	0.00e+00	0.00e+00	1.38e-07	1.30e-09	1.46e-09
 2.94203e+17	1.62e-07	4.66e-03	9.92e-01	3.08e-03	4.68e-07	0.00e+00	0.00e+00	0.00e+00	0.00e+00	1.59e-07	1.48e-09	1.66e-09
 3.87856e+17	1.92e-07	5.04e-03	9.94e-01	1.36e-03	1.34e-07	0.00e+00	0.00e+00	0.00e+00	0.00e+00	1.89e-07	1.73e-09	1.95e-09
 4.94374e+17	2.32e-07	5.49e-03	9.94e-01	6.00e-04	0.00e+00	0.00e+00	0.00e+00	0.00e+00	0.00e+00	2.28e-07	2.05e-09	2.31e-09
 6.05153e+17	2.80e-07	5.98e-03	9.94e-01	2.91e-04	0.00e+00	0.00e+00	0.00e+00	0.00e+00	0.00e+00	2.75e-07	2.44e-09	2.75e-09
 7.20363e+17	3.38e-07	6.52e-03	9.93e-01	1.52e-04	0.00e+00	0.00e+00	0.00e+00	0.00e+00	0.00e+00	3.32e-07	2.91e-09	3.29e-09
 8.40181e+17	4.09e-07	7.10e-03	9.93e-01	8.27e-05	0.00e+00	0.00e+00	0.00e+00	0.00e+00	0.00e+00	4.02e-07	3.48e-09	3.93e-09
 9.64793e+17	4.96e-07	7.75e-03	9.92e-01	4.64e-05	0.00e+00	0.00e+00	0.00e+00	0.00e+00	0.00e+00	4.87e-07	4.17e-09	4.70e-09
 1.09439e+18	6.01e-07	8.46e-03	9.92e-01	2.64e-05	0.00e+00	0.00e+00	0.00e+00	0.00e+00	0.00e+00	5.91e-07	5.00e-09	5.64e-09
 1.21848e+18	7.19e-07	9.17e-03	9.91e-01	1.60e-05	0.00e+00	0.00e+00	0.00e+00	0.00e+00	0.00e+00	7.06e-07	5.92e-09	6.67e-09
 1.34033e+18	8.53e-07	9.91e-03	9.90e-01	9.96e-06	0.00e+00	0.00e+00	0.00e+00	0.00e+00	0.00e+00	8.38e-07	6.97e-09	7.86e-09
 1.47436e+18	1.02e-06	1.08e-02	9.89e-01	6.07e-06	0.00e+00	0.00e+00	0.00e+00	0.00e+00	0.00e+00	1.01e-06	8.30e-09	9.36e-09
 1.62096e+18	1.25e-06	1.18e-02	9.88e-01	3.66e-06	0.00e+00	0.00e+00	0.00e+00	0.00e+00	0.00e+00	1.22e-06	9.99e-09	1.13e-08
 1.77680e+18	1.52e-06	1.29e-02	9.87e-01	2.24e-06	0.00e+00	0.00e+00	0.00e+00	0.00e+00	0.00e+00	1.50e-06	1.21e-08	1.36e-08
 1.93888e+18	1.86e-06	1.41e-02	9.86e-01	1.42e-06	0.00e+00	0.00e+00	0.00e+00	0.00e+00	0.00e+00	1.83e-06	1.47e-08	1.66e-08
 2.10744e+18	2.29e-06	1.55e-02	9.84e-01	9.38e-07	0.00e+00	0.00e+00	0.00e+00	0.00e+00	0.00e+00	2.25e-06	1.79e-08	2.02e-08
 2.28274e+18	2.81e-06	1.70e-02	9.83e-01	6.54e-07	0.00e+00	0.00e+00	0.00e+00	0.00e+00	0.00e+00	2.77e-06	2.19e-08	2.46e-08
 2.46505e+18	3.48e-06	1.87e-02	9.81e-01	4.83e-07	0.00e+00	0.00e+00	0.00e+00	0.00e+00	0.00e+00	3.42e-06	2.68e-08	3.02e-08
 2.65466e+18	4.30e-06	2.06e-02	9.79e-01	3.75e-07	0.00e+00	0.00e+00	0.00e+00	0.00e+00	0.00e+00	4.23e-06	3.29e-08	3.70e-08
 2.85185e+18	5.34e-06	2.27e-02	9.77e-01	3.04e-07	0.00e+00	0.00e+00	0.00e+00	0.00e+00	0.00e+00	5.25e-06	4.07e-08	4.57e-08
 3.05693e+18	6.65e-06	2.51e-02	9.75e-01	2.55e-07	0.00e+00	0.00e+00	0.00e+00	0.00e+00	0.00e+00	6.55e-06	5.04e-08	5.66e-08
 3.27021e+18	8.34e-06	2.78e-02	9.72e-01	2.19e-07	0.00e+00	0.00e+00	0.00e+00	0.00e+00	0.00e+00	8.20e-06	6.28e-08	7.05e-08
 3.49202e+18	1.05e-05	3.08e-02	9.69e-01	1.90e-07	0.00e+00	0.00e+00	0.00e+00	0.00e+00	0.00e+00	1.03e-05	7.88e-08	8.84e-08
 3.72271e+18	1.33e-05	3.43e-02	9.66e-01	1.67e-07	0.00e+00	0.00e+00	0.00e+00	0.00e+00	0.00e+00	1.31e-05	9.94e-08	1.12e-07
 3.94020e+18	1.66e-05	3.78e-02	9.62e-01	1.49e-07	0.00e+00	0.00e+00	0.00e+00	0.00e+00	0.00e+00	1.64e-05	1.23e-07	1.39e-07
 4.13250e+18	2.02e-05	4.12e-02	9.59e-01	1.35e-07	0.00e+00	0.00e+00	0.00e+00	0.00e+00	0.00e+00	1.99e-05	1.50e-07	1.68e-07
 4.34503e+18	2.52e-05	4.54e-02	9.55e-01	0.00e+00	0.00e+00	0.00e+00	0.00e+00	0.00e+00	0.00e+00	2.48e-05	1.86e-07	2.09e-07
 4.55669e+18	3.14e-05	5.00e-02	9.50e-01	0.00e+00	0.00e+00	0.00e+00	0.00e+00	0.00e+00	0.00e+00	3.09e-05	2.30e-07	2.59e-07
 4.71899e+18	3.71e-05	5.37e-02	9.46e-01	0.00e+00	0.00e+00	0.00e+00	0.00e+00	0.00e+00	0.00e+00	3.65e-05	2.72e-07	3.05e-07
 4.88176e+18	4.42e-05	5.80e-02	9.42e-01	0.00e+00	0.00e+00	0.00e+00	0.00e+00	0.00e+00	0.00e+00	4.35e-05	3.24e-07	3.63e-07
 5.05946e+18	5.37e-05	6.30e-02	9.37e-01	0.00e+00	0.00e+00	0.00e+00	0.00e+00	0.00e+00	0.00e+00	5.29e-05	3.92e-07	4.40e-07
 5.21673e+18	6.39e-05	6.79e-02	9.32e-01	0.00e+00	0.00e+00	0.00e+00	0.00e+00	0.00e+00	0.00e+00	6.29e-05	4.66e-07	5.23e-07
 5.35448e+18	7.49e-05	7.26e-02	9.27e-01	0.00e+00	0.00e+00	0.00e+00	0.00e+00	0.00e+00	0.00e+00	7.37e-05	5.45e-07	6.12e-07
 5.50665e+18	8.99e-05	7.85e-02	9.21e-01	0.00e+00	0.00e+00	0.00e+00	0.00e+00	0.00e+00	0.00e+00	8.86e-05	6.53e-07	7.34e-07
 5.66693e+18	1.09e-04	8.53e-02	9.15e-01	0.00e+00	0.00e+00	0.00e+00	0.00e+00	0.00e+00	0.00e+00	1.08e-04	7.94e-07	8.91e-07
 5.80005e+18	1.30e-04	9.17e-02	9.08e-01	0.00e+00	0.00e+00	0.00e+00	0.00e+00	0.00e+00	0.00e+00	1.28e-04	9.39e-07	1.05e-06
 5.91323e+18	1.51e-04	9.78e-02	9.02e-01	0.00e+00	0.00e+00	0.00e+00	0.00e+00	0.00e+00	0.00e+00	1.49e-04	1.09e-06	1.23e-06
 6.03817e+18	1.80e-04	1.05e-01	8.95e-01	0.00e+00	0.00e+00	0.00e+00	0.00e+00	0.00e+00	0.00e+00	1.77e-04	1.30e-06	1.46e-06
 6.17085e+18	2.18e-04	1.14e-01	8.85e-01	0.00e+00	0.00e+00	0.00e+00	0.00e+00	0.00e+00	0.00e+00	2.15e-04	1.58e-06	1.77e-06
 6.28191e+18	2.59e-04	1.23e-01	8.77e-01	0.00e+00	0.00e+00	0.00e+00	0.00e+00	0.00e+00	0.00e+00	2.55e-04	1.87e-06	2.10e-06
 6.37523e+18	3.01e-04	1.31e-01	8.69e-01	0.00e+00	0.00e+00	0.00e+00	0.00e+00	0.00e+00	0.00e+00	2.97e-04	2.17e-06	2.44e-06
 6.47715e+18	3.59e-04	1.41e-01	8.58e-01	0.00e+00	0.00e+00	0.00e+00	0.00e+00	0.00e+00	0.00e+00	3.54e-04	2.59e-06	2.90e-06
 6.58540e+18	4.36e-04	1.54e-01	8.46e-01	0.00e+00	0.00e+00	0.00e+00	0.00e+00	0.00e+00	0.00e+00	4.29e-04	3.14e-06	3.52e-06
 6.67584e+18	5.19e-04	1.65e-01	8.34e-01	0.00e+00	0.00e+00	0.00e+00	0.00e+00	0.00e+00	0.00e+00	5.11e-04	3.73e-06	4.18e-06
 6.75142e+18	6.04e-04	1.77e-01	8.23e-01	0.00e+00	0.00e+00	0.00e+00	0.00e+00	0.00e+00	0.00e+00	5.95e-04	4.35e-06	4.87e-06
 6.83373e+18	7.21e-04	1.90e-01	8.09e-01	0.00e+00	0.00e+00	0.00e+00	0.00e+00	0.00e+00	0.00e+00	7.10e-04	5.18e-06	5.80e-06
 6.92149e+18	8.78e-04	2.07e-01	7.92e-01	0.00e+00	0.00e+00	0.00e+00	0.00e+00	0.00e+00	0.00e+00	8.65e-04	6.31e-06	7.06e-06
 6.99524e+18	1.05e-03	2.24e-01	7.75e-01	0.00e+00	0.00e+00	0.00e+00	0.00e+00	0.00e+00	0.00e+00	1.03e-03	7.53e-06	8.43e-06
 7.05695e+18	1.23e-03	2.39e-01	7.59e-01	0.00e+00	0.00e+00	0.00e+00	0.00e+00	0.00e+00	0.00e+00	1.21e-03	8.81e-06	9.86e-06
 7.12406e+18	1.47e-03	2.59e-01	7.40e-01	0.00e+00	0.00e+00	0.00e+00	0.00e+00	0.00e+00	0.00e+00	1.45e-03	1.06e-05	1.18e-05
 7.19586e+18	1.81e-03	2.82e-01	7.16e-01	0.00e+00	0.00e+00	0.00e+00	0.00e+00	0.00e+00	0.00e+00	1.78e-03	1.30e-05	1.45e-05
 7.25656e+18	2.18e-03	3.05e-01	6.93e-01	0.00e+00	0.00e+00	0.00e+00	0.00e+00	0.00e+00	0.00e+00	2.15e-03	1.56e-05	1.74e-05
 7.30752e+18	2.57e-03	3.27e-01	6.71e-01	0.00e+00	0.00e+00	0.00e+00	0.00e+00	0.00e+00	0.00e+00	2.53e-03	1.84e-05	2.05e-05
 7.36302e+18	3.11e-03	3.53e-01	6.44e-01	0.00e+00	0.00e+00	0.00e+00	0.00e+00	0.00e+00	0.00e+00	3.06e-03	2.22e-05	2.48e-05
 7.42270e+18	3.86e-03	3.85e-01	6.11e-01	0.00e+00	0.00e+00	0.00e+00	0.00e+00	0.00e+00	0.00e+00	3.80e-03	2.75e-05	3.07e-05
 7.47369e+18	4.71e-03	4.16e-01	5.79e-01	0.00e+00	0.00e+00	0.00e+00	0.00e+00	0.00e+00	0.00e+00	4.64e-03	3.35e-05	3.74e-05
 7.51678e+18	5.64e-03	4.46e-01	5.49e-01	0.00e+00	0.00e+00	0.00e+00	0.00e+00	0.00e+00	0.00e+00	5.56e-03	4.01e-05	4.47e-05
 7.56372e+18	6.93e-03	4.81e-01	5.12e-01	0.00e+00	0.00e+00	0.00e+00	0.00e+00	0.00e+00	0.00e+00	6.83e-03	4.91e-05	5.48e-05
 7.61351e+18	8.75e-03	5.22e-01	4.69e-01	0.00e+00	0.00e+00	0.00e+00	0.00e+00	0.00e+00	0.00e+00	8.62e-03	6.18e-05	6.90e-05
 7.65450e+18	1.08e-02	5.60e-01	4.29e-01	0.00e+00	0.00e+00	0.00e+00	0.00e+00	0.00e+00	0.00e+00	1.06e-02	7.59e-05	8.47e-05
 7.68753e+18	1.29e-02	5.92e-01	3.95e-01	0.00e+00	0.00e+00	0.00e+00	0.00e+00	0.00e+00	0.00e+00	1.27e-02	9.06e-05	1.01e-04
 7.71773e+18	1.53e-02	6.24e-01	3.61e-01	0.00e+00	0.00e+00	0.00e+00	0.00e+00	0.00e+00	0.00e+00	1.51e-02	1.07e-04	1.20e-04
 7.75198e+18	1.88e-02	6.60e-01	3.21e-01	0.00e+00	0.00e+00	0.00e+00	0.00e+00	0.00e+00	0.00e+00	1.85e-02	1.31e-04	1.46e-04
 7.78852e+18	2.38e-02	7.00e-01	2.76e-01	0.00e+00	0.00e+00	0.00e+00	0.00e+00	0.00e+00	0.00e+00	2.35e-02	1.65e-04	1.84e-04
 7.81848e+18	2.95e-02	7.33e-01	2.37e-01	0.00e+00	0.00e+00	0.00e+00	0.00e+00	0.00e+00	0.00e+00	2.91e-02	2.04e-04	2.27e-04
 7.84193e+18	3.55e-02	7.59e-01	2.06e-01	0.00e+00	0.00e+00	0.00e+00	0.00e+00	0.00e+00	0.00e+00	3.50e-02	2.43e-04	2.72e-04
 7.86316e+18	4.22e-02	7.80e-01	1.78e-01	0.00e+00	0.00e+00	0.00e+00	0.00e+00	0.00e+00	0.00e+00	4.16e-02	2.88e-04	3.22e-04
 7.88749e+18	5.21e-02	8.01e-01	1.47e-01	0.00e+00	0.00e+00	0.00e+00	0.00e+00	0.00e+00	0.00e+00	5.13e-02	3.52e-04	3.94e-04
 7.91086e+18	6.55e-02	8.18e-01	1.17e-01	0.00e+00	0.00e+00	0.00e+00	0.00e+00	0.00e+00	0.00e+00	6.46e-02	4.38e-04	4.90e-04
 7.92653e+18	7.81e-02	8.25e-01	9.70e-02	0.00e+00	0.00e+00	0.00e+00	0.00e+00	0.00e+00	0.00e+00	7.70e-02	5.16e-04	5.78e-04
 7.93748e+18	8.83e-02	8.27e-01	8.43e-02	0.00e+00	0.00e+00	0.00e+00	0.00e+00	0.00e+00	0.00e+00	8.71e-02	5.79e-04	6.49e-04
 7.94877e+18	1.01e-01	8.27e-01	7.17e-02	0.00e+00	0.00e+00	0.00e+00	0.00e+00	0.00e+00	0.00e+00	9.96e-02	6.56e-04	7.35e-04
 7.96137e+18	1.18e-01	8.23e-01	5.88e-02	0.00e+00	0.00e+00	0.00e+00	0.00e+00	0.00e+00	0.00e+00	1.17e-01	7.56e-04	8.48e-04
 7.97273e+18	1.38e-01	8.14e-01	4.79e-02	0.00e+00	0.00e+00	0.00e+00	0.00e+00	0.00e+00	0.00e+00	1.36e-01	8.68e-04	9.74e-04
 7.98207e+18	1.57e-01	8.03e-01	3.97e-02	0.00e+00	0.00e+00	0.00e+00	0.00e+00	0.00e+00	0.00e+00	1.55e-01	9.74e-04	1.09e-03
 7.99016e+18	1.77e-01	7.89e-01	3.33e-02	0.00e+00	0.00e+00	0.00e+00	0.00e+00	0.00e+00	0.00e+00	1.75e-01	1.08e-03	1.21e-03
 7.99793e+18	1.99e-01	7.73e-01	2.77e-02	0.00e+00	0.00e+00	0.00e+00	0.00e+00	0.00e+00	0.00e+00	1.97e-01	1.19e-03	1.34e-03
 8.00554e+18	2.24e-01	7.53e-01	2.28e-02	0.00e+00	0.00e+00	0.00e+00	0.00e+00	0.00e+00	0.00e+00	2.21e-01	1.31e-03	1.47e-03
 8.01279e+18	2.51e-01	7.30e-01	1.86e-02	0.00e+00	0.00e+00	0.00e+00	0.00e+00	0.00e+00	0.00e+00	2.48e-01	1.43e-03	1.61e-03
 8.01952e+18	2.79e-01	7.06e-01	1.53e-02	0.00e+00	0.00e+00	0.00e+00	0.00e+00	0.00e+00	0.00e+00	2.75e-01	1.54e-03	1.74e-03
 8.02586e+18	3.08e-01	6.80e-01	1.26e-02	0.00e+00	0.00e+00	0.00e+00	0.00e+00	0.00e+00	0.00e+00	3.04e-01	1.65e-03	1.87e-03
 8.03196e+18	3.37e-01	6.53e-01	1.03e-02	0.00e+00	0.00e+00	0.00e+00	0.00e+00	0.00e+00	0.00e+00	3.33e-01	1.75e-03	1.98e-03
 8.03788e+18	3.68e-01	6.24e-01	8.42e-03	0.00e+00	0.00e+00	0.00e+00	0.00e+00	0.00e+00	0.00e+00	3.64e-01	1.85e-03	2.09e-03
 8.04370e+18	3.99e-01	5.95e-01	6.86e-03	0.00e+00	0.00e+00	0.00e+00	0.00e+00	0.00e+00	0.00e+00	3.94e-01	1.94e-03	2.19e-03
 8.04929e+18	4.30e-01	5.64e-01	5.58e-03	0.00e+00	0.00e+00	0.00e+00	0.00e+00	0.00e+00	0.00e+00	4.26e-01	2.01e-03	2.27e-03
 8.05469e+18	4.59e-01	5.36e-01	4.57e-03	0.00e+00	0.00e+00	0.00e+00	0.00e+00	0.00e+00	0.00e+00	4.55e-01	2.07e-03	2.34e-03
 8.05964e+18	4.87e-01	5.10e-01	3.79e-03	0.00e+00	0.00e+00	0.00e+00	0.00e+00	0.00e+00	0.00e+00	4.82e-01	2.11e-03	2.39e-03
 8.06410e+18	5.11e-01	4.86e-01	3.20e-03	0.00e+00	0.00e+00	0.00e+00	0.00e+00	0.00e+00	0.00e+00	5.06e-01	2.14e-03	2.42e-03
 8.06851e+18	5.34e-01	4.63e-01	2.69e-03	0.00e+00	0.00e+00	0.00e+00	0.00e+00	0.00e+00	0.00e+00	5.29e-01	2.16e-03	2.45e-03
 8.07299e+18	5.57e-01	4.41e-01	2.26e-03	0.00e+00	0.00e+00	0.00e+00	0.00e+00	0.00e+00	0.00e+00	5.52e-01	2.17e-03	2.46e-03
 8.07726e+18	5.79e-01	4.19e-01	1.91e-03	0.00e+00	0.00e+00	0.00e+00	0.00e+00	0.00e+00	0.00e+00	5.74e-01	2.18e-03	2.47e-03
 8.08051e+18	5.94e-01	4.05e-01	1.69e-03	0.00e+00	0.00e+00	0.00e+00	0.00e+00	0.00e+00	0.00e+00	5.89e-01	2.18e-03	2.47e-03
 8.08274e+18	6.03e-01	3.95e-01	1.55e-03	0.00e+00	0.00e+00	0.00e+00	0.00e+00	0.00e+00	0.00e+00	5.99e-01	2.18e-03	2.47e-03
 8.08505e+18	6.14e-01	3.85e-01	1.41e-03	0.00e+00	0.00e+00	0.00e+00	0.00e+00	0.00e+00	0.00e+00	6.09e-01	2.17e-03	2.47e-03
 8.08789e+18	6.26e-01	3.72e-01	1.26e-03	0.00e+00	0.00e+00	0.00e+00	0.00e+00	0.00e+00	0.00e+00	6.22e-01	2.17e-03	2.46e-03
 8.09093e+18	6.40e-01	3.59e-01	1.11e-03	0.00e+00	0.00e+00	0.00e+00	0.00e+00	0.00e+00	0.00e+00	6.36e-01	2.16e-03	2.45e-03
 8.09372e+18	6.52e-01	3.47e-01	9.95e-04	0.00e+00	0.00e+00	0.00e+00	0.00e+00	0.00e+00	0.00e+00	6.47e-01	2.15e-03	2.44e-03
 8.09634e+18	6.63e-01	3.36e-01	8.93e-04	0.00e+00	0.00e+00	0.00e+00	0.00e+00	0.00e+00	0.00e+00	6.58e-01	2.14e-03	2.42e-03
 8.09903e+18	6.74e-01	3.25e-01	7.99e-04	0.00e+00	0.00e+00	0.00e+00	0.00e+00	0.00e+00	0.00e+00	6.69e-01	2.12e-03	2.41e-03
 8.10186e+18	6.85e-01	3.14e-01	7.10e-04	0.00e+00	0.00e+00	0.00e+00	0.00e+00	0.00e+00	0.00e+00	6.81e-01	2.11e-03	2.39e-03
 8.10472e+18	6.97e-01	3.02e-01	6.28e-04	0.00e+00	0.00e+00	0.00e+00	0.00e+00	0.00e+00	0.00e+00	6.93e-01	2.09e-03	2.37e-03
 8.10748e+18	7.07e-01	2.92e-01	5.59e-04	0.00e+00	0.00e+00	0.00e+00	0.00e+00	0.00e+00	0.00e+00	7.03e-01	2.07e-03	2.35e-03
 8.11022e+18	7.18e-01	2.82e-01	4.96e-04	0.00e+00	0.00e+00	0.00e+00	0.00e+00	0.00e+00	0.00e+00	7.14e-01	2.05e-03	2.33e-03
 8.11300e+18	7.28e-01	2.72e-01	4.40e-04	0.00e+00	0.00e+00	0.00e+00	0.00e+00	0.00e+00	0.00e+00	7.24e-01	2.03e-03	2.30e-03
 8.11584e+18	7.38e-01	2.61e-01	3.88e-04	0.00e+00	0.00e+00	0.00e+00	0.00e+00	0.00e+00	0.00e+00	7.34e-01	2.00e-03	2.27e-03
 8.11868e+18	7.48e-01	2.51e-01	3.42e-04	0.00e+00	0.00e+00	0.00e+00	0.00e+00	0.00e+00	0.00e+00	7.44e-01	1.98e-03	2.24e-03
 8.12146e+18	7.58e-01	2.42e-01	3.02e-04	0.00e+00	0.00e+00	0.00e+00	0.00e+00	0.00e+00	0.00e+00	7.54e-01	1.95e-03	2.21e-03
 8.12424e+18	7.67e-01	2.33e-01	2.67e-04	0.00e+00	0.00e+00	0.00e+00	0.00e+00	0.00e+00	0.00e+00	7.63e-01	1.92e-03	2.18e-03
 8.12706e+18	7.76e-01	2.24e-01	2.35e-04	0.00e+00	0.00e+00	0.00e+00	0.00e+00	0.00e+00	0.00e+00	7.72e-01	1.90e-03	2.15e-03
 8.12991e+18	7.85e-01	2.15e-01	2.06e-04	0.00e+00	0.00e+00	0.00e+00	0.00e+00	0.00e+00	0.00e+00	7.81e-01	1.87e-03	2.12e-03
 8.13272e+18	7.94e-01	2.06e-01	1.81e-04	0.00e+00	0.00e+00	0.00e+00	0.00e+00	0.00e+00	0.00e+00	7.90e-01	1.84e-03	2.09e-03
 8.13553e+18	8.02e-01	1.98e-01	1.59e-04	0.00e+00	0.00e+00	0.00e+00	0.00e+00	0.00e+00	0.00e+00	7.98e-01	1.81e-03	2.05e-03
 8.13836e+18	8.10e-01	1.90e-01	1.39e-04	0.00e+00	0.00e+00	0.00e+00	0.00e+00	0.00e+00	0.00e+00	8.06e-01	1.78e-03	2.02e-03
 8.14118e+18	8.18e-01	1.82e-01	1.22e-04	0.00e+00	0.00e+00	0.00e+00	0.00e+00	0.00e+00	0.00e+00	8.14e-01	1.75e-03	1.98e-03
 8.14397e+18	8.25e-01	1.75e-01	1.07e-04	0.00e+00	0.00e+00	0.00e+00	0.00e+00	0.00e+00	0.00e+00	8.22e-01	1.72e-03	1.95e-03
 8.14679e+18	8.33e-01	1.67e-01	9.30e-05	0.00e+00	0.00e+00	0.00e+00	0.00e+00	0.00e+00	0.00e+00	8.29e-01	1.69e-03	1.92e-03
 8.14962e+18	8.40e-01	1.60e-01	8.12e-05	0.00e+00	0.00e+00	0.00e+00	0.00e+00	0.00e+00	0.00e+00	8.36e-01	1.66e-03	1.88e-03
 8.15242e+18	8.47e-01	1.53e-01	7.08e-05	0.00e+00	0.00e+00	0.00e+00	0.00e+00	0.00e+00	0.00e+00	8.43e-01	1.63e-03	1.85e-03
 8.15520e+18	8.53e-01	1.47e-01	6.18e-05	0.00e+00	0.00e+00	0.00e+00	0.00e+00	0.00e+00	0.00e+00	8.50e-01	1.60e-03	1.82e-03
 8.15796e+18	8.59e-01	1.41e-01	5.39e-05	0.00e+00	0.00e+00	0.00e+00	0.00e+00	0.00e+00	0.00e+00	8.56e-01	1.58e-03	1.78e-03
 8.16070e+18	8.65e-01	1.35e-01	4.71e-05	0.00e+00	0.00e+00	0.00e+00	0.00e+00	0.00e+00	0.00e+00	8.62e-01	1.55e-03	1.75e-03
 8.16342e+18	8.71e-01	1.29e-01	4.11e-05	0.00e+00	0.00e+00	0.00e+00	0.00e+00	0.00e+00	0.00e+00	8.68e-01	1.52e-03	1.72e-03
 8.16612e+18	8.76e-01	1.24e-01	3.59e-05	0.00e+00	0.00e+00	0.00e+00	0.00e+00	0.00e+00	0.00e+00	8.73e-01	1.50e-03	1.69e-03
 8.16879e+18	8.82e-01	1.18e-01	3.14e-05	0.00e+00	0.00e+00	0.00e+00	0.00e+00	0.00e+00	0.00e+00	8.79e-01	1.47e-03	1.66e-03
 8.17143e+18	8.87e-01	1.13e-01	2.74e-05	0.00e+00	0.00e+00	0.00e+00	0.00e+00	0.00e+00	0.00e+00	8.84e-01	1.45e-03	1.63e-03
 8.17406e+18	8.91e-01	1.09e-01	2.40e-05	0.00e+00	0.00e+00	0.00e+00	0.00e+00	0.00e+00	0.00e+00	8.88e-01	1.42e-03	1.60e-03
 8.17664e+18	8.96e-01	1.04e-01	2.10e-05	0.00e+00	0.00e+00	0.00e+00	0.00e+00	0.00e+00	0.00e+00	8.93e-01	1.40e-03	1.58e-03
 8.17919e+18	9.00e-01	9.98e-02	1.85e-05	0.00e+00	0.00e+00	0.00e+00	0.00e+00	0.00e+00	0.00e+00	8.97e-01	1.38e-03	1.55e-03
 8.18172e+18	9.04e-01	9.58e-02	1.62e-05	0.00e+00	0.00e+00	0.00e+00	0.00e+00	0.00e+00	0.00e+00	9.01e-01	1.35e-03	1.53e-03
 8.18425e+18	9.08e-01	9.17e-02	1.42e-05	0.00e+00	0.00e+00	0.00e+00	0.00e+00	0.00e+00	0.00e+00	9.05e-01	1.33e-03	1.50e-03
 8.18674e+18	9.12e-01	8.80e-02	1.25e-05	0.00e+00	0.00e+00	0.00e+00	0.00e+00	0.00e+00	0.00e+00	9.09e-01	1.31e-03	1.48e-03
 8.18921e+18	9.16e-01	8.44e-02	1.10e-05	0.00e+00	0.00e+00	0.00e+00	0.00e+00	0.00e+00	0.00e+00	9.13e-01	1.29e-03	1.45e-03
 8.19164e+18	9.19e-01	8.10e-02	9.67e-06	0.00e+00	0.00e+00	0.00e+00	0.00e+00	0.00e+00	0.00e+00	9.16e-01	1.27e-03	1.43e-03
 8.19404e+18	9.22e-01	7.77e-02	8.52e-06	0.00e+00	0.00e+00	0.00e+00	0.00e+00	0.00e+00	0.00e+00	9.20e-01	1.26e-03	1.41e-03
 8.19645e+18	9.25e-01	7.47e-02	7.50e-06	0.00e+00	0.00e+00	0.00e+00	0.00e+00	0.00e+00	0.00e+00	9.23e-01	1.24e-03	1.39e-03
 8.19884e+18	9.28e-01	7.16e-02	6.61e-06	0.00e+00	0.00e+00	0.00e+00	0.00e+00	0.00e+00	0.00e+00	9.26e-01	1.22e-03	1.37e-03
 8.20120e+18	9.31e-01	6.87e-02	5.83e-06	0.00e+00	0.00e+00	0.00e+00	0.00e+00	0.00e+00	0.00e+00	9.29e-01	1.21e-03	1.35e-03
 8.20354e+18	9.34e-01	6.60e-02	5.15e-06	0.00e+00	0.00e+00	0.00e+00	0.00e+00	0.00e+00	0.00e+00	9.31e-01	1.19e-03	1.33e-03
 8.20586e+18	9.37e-01	6.34e-02	4.55e-06	0.00e+00	0.00e+00	0.00e+00	0.00e+00	0.00e+00	0.00e+00	9.34e-01	1.17e-03	1.32e-03
 8.20816e+18	9.39e-01	6.09e-02	4.03e-06	0.00e+00	0.00e+00	0.00e+00	0.00e+00	0.00e+00	0.00e+00	9.37e-01	1.16e-03	1.30e-03
 8.21046e+18	9.41e-01	5.85e-02	3.56e-06	0.00e+00	0.00e+00	0.00e+00	0.00e+00	0.00e+00	0.00e+00	9.39e-01	1.15e-03	1.28e-03
 8.21274e+18	9.44e-01	5.62e-02	3.15e-06	0.00e+00	0.00e+00	0.00e+00	0.00e+00	0.00e+00	0.00e+00	9.41e-01	1.13e-03	1.27e-03
 8.21501e+18	9.46e-01	5.40e-02	2.79e-06	0.00e+00	0.00e+00	0.00e+00	0.00e+00	0.00e+00	0.00e+00	9.44e-01	1.12e-03	1.25e-03
 8.21726e+18	9.48e-01	5.19e-02	2.47e-06	0.00e+00	0.00e+00	0.00e+00	0.00e+00	0.00e+00	0.00e+00	9.46e-01	1.11e-03	1.24e-03
 8.21949e+18	9.50e-01	4.99e-02	2.19e-06	0.00e+00	0.00e+00	0.00e+00	0.00e+00	0.00e+00	0.00e+00	9.48e-01	1.09e-03	1.22e-03
 8.22170e+18	9.52e-01	4.79e-02	1.95e-06	0.00e+00	0.00e+00	0.00e+00	0.00e+00	0.00e+00	0.00e+00	9.50e-01	1.08e-03	1.21e-03
 8.22392e+18	9.54e-01	4.61e-02	1.73e-06	0.00e+00	0.00e+00	0.00e+00	0.00e+00	0.00e+00	0.00e+00	9.52e-01	1.07e-03	1.19e-03
 8.22613e+18	9.56e-01	4.43e-02	1.53e-06	0.00e+00	0.00e+00	0.00e+00	0.00e+00	0.00e+00	0.00e+00	9.53e-01	1.06e-03	1.18e-03
 8.22832e+18	9.57e-01	4.26e-02	1.36e-06	0.00e+00	0.00e+00	0.00e+00	0.00e+00	0.00e+00	0.00e+00	9.55e-01	1.05e-03	1.17e-03
 8.23049e+18	9.59e-01	4.09e-02	1.21e-06	0.00e+00	0.00e+00	0.00e+00	0.00e+00	0.00e+00	0.00e+00	9.57e-01	1.04e-03	1.16e-03
 8.23266e+18	9.61e-01	3.94e-02	1.08e-06	0.00e+00	0.00e+00	0.00e+00	0.00e+00	0.00e+00	0.00e+00	9.58e-01	1.03e-03	1.15e-03
 8.23482e+18	9.62e-01	3.79e-02	9.59e-07	0.00e+00	0.00e+00	0.00e+00	0.00e+00	0.00e+00	0.00e+00	9.60e-01	1.02e-03	1.14e-03
 8.23696e+18	9.64e-01	3.65e-02	8.54e-07	0.00e+00	0.00e+00	0.00e+00	0.00e+00	0.00e+00	0.00e+00	9.61e-01	1.01e-03	1.12e-03
 8.23911e+18	9.65e-01	3.51e-02	7.60e-07	0.00e+00	0.00e+00	0.00e+00	0.00e+00	0.00e+00	0.00e+00	9.63e-01	1.00e-03	1.11e-03
 8.24126e+18	9.66e-01	3.37e-02	6.77e-07	0.00e+00	0.00e+00	0.00e+00	0.00e+00	0.00e+00	0.00e+00	9.64e-01	9.94e-04	1.10e-03
 8.24339e+18	9.68e-01	3.24e-02	6.03e-07	0.00e+00	0.00e+00	0.00e+00	0.00e+00	0.00e+00	0.00e+00	9.65e-01	9.86e-04	1.09e-03
 8.24549e+18	9.69e-01	3.12e-02	5.39e-07	0.00e+00	0.00e+00	0.00e+00	0.00e+00	0.00e+00	0.00e+00	9.67e-01	9.78e-04	1.09e-03
 8.24759e+18	9.70e-01	3.01e-02	4.81e-07	0.00e+00	0.00e+00	0.00e+00	0.00e+00	0.00e+00	0.00e+00	9.68e-01	9.71e-04	1.08e-03
 8.24969e+18	9.71e-01	2.89e-02	4.29e-07	0.00e+00	0.00e+00	0.00e+00	0.00e+00	0.00e+00	0.00e+00	9.69e-01	9.64e-04	1.07e-03
 8.25181e+18	9.72e-01	2.78e-02	3.83e-07	0.00e+00	0.00e+00	0.00e+00	0.00e+00	0.00e+00	0.00e+00	9.70e-01	9.56e-04	1.06e-03
 8.25391e+18	9.73e-01	2.68e-02	3.42e-07	0.00e+00	0.00e+00	0.00e+00	0.00e+00	0.00e+00	0.00e+00	9.71e-01	9.50e-04	1.05e-03
 8.25598e+18	9.74e-01	2.58e-02	3.06e-07	0.00e+00	0.00e+00	0.00e+00	0.00e+00	0.00e+00	0.00e+00	9.72e-01	9.43e-04	1.04e-03
 8.25804e+18	9.75e-01	2.48e-02	2.74e-07	0.00e+00	0.00e+00	0.00e+00	0.00e+00	0.00e+00	0.00e+00	9.73e-01	9.37e-04	1.04e-03
 8.26011e+18	9.76e-01	2.39e-02	2.45e-07	0.00e+00	0.00e+00	0.00e+00	0.00e+00	0.00e+00	0.00e+00	9.74e-01	9.31e-04	1.03e-03
 8.26218e+18	9.77e-01	2.30e-02	2.19e-07	0.00e+00	0.00e+00	0.00e+00	0.00e+00	0.00e+00	0.00e+00	9.75e-01	9.25e-04	1.02e-03
 8.26424e+18	9.78e-01	2.21e-02	1.96e-07	0.00e+00	0.00e+00	0.00e+00	0.00e+00	0.00e+00	0.00e+00	9.76e-01	9.19e-04	1.02e-03
 8.26628e+18	9.79e-01	2.13e-02	1.76e-07	0.00e+00	0.00e+00	0.00e+00	0.00e+00	0.00e+00	0.00e+00	9.77e-01	9.14e-04	1.01e-03
 8.26832e+18	9.80e-01	2.05e-02	1.58e-07	0.00e+00	0.00e+00	0.00e+00	0.00e+00	0.00e+00	0.00e+00	9.78e-01	9.08e-04	1.00e-03
 8.27035e+18	9.80e-01	1.97e-02	1.41e-07	0.00e+00	0.00e+00	0.00e+00	0.00e+00	0.00e+00	0.00e+00	9.78e-01	9.03e-04	9.96e-04
 8.27237e+18	9.81e-01	1.90e-02	1.27e-07	0.00e+00	0.00e+00	0.00e+00	0.00e+00	0.00e+00	0.00e+00	9.79e-01	8.98e-04	9.90e-04
 8.27438e+18	9.82e-01	1.82e-02	1.14e-07	0.00e+00	0.00e+00	0.00e+00	0.00e+00	0.00e+00	0.00e+00	9.80e-01	8.93e-04	9.84e-04
 8.27638e+18	9.82e-01	1.76e-02	1.03e-07	0.00e+00	0.00e+00	0.00e+00	0.00e+00	0.00e+00	0.00e+00	9.81e-01	8.88e-04	9.78e-04
 8.27836e+18	9.83e-01	1.69e-02	9.23e-08	0.00e+00	0.00e+00	0.00e+00	0.00e+00	0.00e+00	0.00e+00	9.81e-01	8.83e-04	9.71e-04
 8.28033e+18	9.84e-01	1.62e-02	8.32e-08	0.00e+00	0.00e+00	0.00e+00	0.00e+00	0.00e+00	0.00e+00	9.82e-01	8.78e-04	9.65e-04
 8.28226e+18	9.84e-01	1.56e-02	7.51e-08	0.00e+00	0.00e+00	0.00e+00	0.00e+00	0.00e+00	0.00e+00	9.83e-01	8.73e-04	9.58e-04
