#depth	H	H+	H2
 1.15259e+14	2.11e-05	1.00e+00	5.67e-19
 6.91556e+14	2.12e-05	1.00e+00	5.69e-19
 2.99674e+15	2.12e-05	1.00e+00	5.72e-19
 1.22175e+16	2.13e-05	1.00e+00	5.83e-19
 2.91837e+16	2.16e-05	1.00e+00	6.05e-19
 5.12397e+16	2.19e-05	1.00e+00	6.31e-19
 7.99125e+16	2.22e-05	1.00e+00	6.61e-19
 1.17187e+17	2.26e-05	1.00e+00	6.96e-19
 1.65644e+17	2.31e-05	1.00e+00	7.44e-19
 2.28639e+17	2.38e-05	1.00e+00	8.07e-19
 3.10531e+17	2.46e-05	1.00e+00	8.95e-19
 4.16991e+17	2.57e-05	1.00e+00	1.02e-18
 5.48412e+17	2.71e-05	1.00e+00	1.17e-18
 7.08846e+17	2.89e-05	1.00e+00	1.37e-18
 9.13975e+17	3.09e-05	1.00e+00	1.59e-18
 1.15842e+18	3.34e-05	1.00e+00	1.87e-18
 1.42056e+18	3.60e-05	1.00e+00	2.20e-18
 1.69319e+18	3.89e-05	1.00e+00	2.58e-18
 1.97672e+18	4.19e-05	1.00e+00	3.02e-18
 2.26452e+18	4.51e-05	1.00e+00	3.52e-18
 2.52816e+18	4.82e-05	1.00e+00	4.02e-18
 2.78098e+18	5.12e-05	1.00e+00	4.58e-18
 3.05907e+18	5.47e-05	1.00e+00	5.27e-18
 3.36498e+18	5.87e-05	1.00e+00	6.12e-18
 3.70148e+18	6.33e-05	1.00e+00	7.18e-18
 4.06320e+18	6.84e-05	1.00e+00	8.47e-18
 4.44153e+18	7.40e-05	1.00e+00	1.00e-17
 4.83499e+18	8.01e-05	1.00e+00	1.18e-17
 5.24420e+18	8.68e-05	1.00e+00	1.40e-17
 5.66977e+18	9.42e-05	1.00e+00	1.67e-17
 6.11237e+18	1.02e-04	1.00e+00	1.99e-17
 6.57266e+18	1.11e-04	1.00e+00	2.37e-17
 7.05137e+18	1.21e-04	1.00e+00	2.83e-17
 7.54923e+18	1.32e-04	1.00e+00	3.40e-17
 8.06701e+18	1.45e-04	1.00e+00	4.09e-17
 8.60549e+18	1.59e-04	1.00e+00	4.93e-17
 9.16552e+18	1.75e-04	1.00e+00	5.98e-17
 9.74794e+18	1.93e-04	1.00e+00	7.28e-17
 1.03537e+19	2.15e-04	1.00e+00	8.91e-17
 1.09836e+19	2.41e-04	1.00e+00	1.10e-16
 1.16255e+19	2.71e-04	1.00e+00	1.36e-16
 1.22658e+19	3.06e-04	1.00e+00	1.68e-16
 1.29450e+19	3.51e-04	1.00e+00	2.12e-16
 1.36410e+19	4.07e-04	1.00e+00	2.71e-16
 1.42908e+19	4.71e-04	1.00e+00	3.40e-16
 1.49047e+19	5.48e-04	9.99e-01	4.27e-16
 1.55012e+19	6.44e-04	9.99e-01	5.41e-16
 1.60911e+19	7.68e-04	9.99e-01	6.96e-16
 1.65710e+19	9.01e-04	9.99e-01	8.63e-16
 1.68545e+19	1.00e-03	9.99e-01	9.89e-16
 1.70354e+19	1.07e-03	9.99e-01	1.08e-15
 1.72273e+19	1.16e-03	9.99e-01	1.20e-15
 1.74767e+19	1.29e-03	9.99e-01	1.39e-15
 1.77283e+19	1.45e-03	9.99e-01	1.62e-15
 1.79185e+19	1.59e-03	9.98e-01	1.84e-15
 1.80694e+19	1.72e-03	9.98e-01	2.03e-15
 1.82335e+19	1.89e-03	9.98e-01	2.30e-15
 1.84111e+19	2.09e-03	9.98e-01	2.63e-15
 1.85626e+19	2.30e-03	9.98e-01	2.98e-15
 1.86870e+19	2.50e-03	9.97e-01	3.31e-15
 1.88025e+19	2.72e-03	9.97e-01	3.69e-15
 1.89352e+19	3.00e-03	9.97e-01	4.20e-15
 1.90712e+19	3.35e-03	9.97e-01	4.84e-15
 1.91774e+19	3.66e-03	9.96e-01	5.43e-15
 1.92630e+19	3.96e-03	9.96e-01	6.02e-15
 1.93564e+19	4.34e-03	9.96e-01	6.78e-15
 1.94572e+19	4.81e-03	9.95e-01	7.76e-15
 1.95433e+19	5.29e-03	9.95e-01	8.77e-15
 1.96146e+19	5.75e-03	9.94e-01	9.79e-15
 1.96913e+19	6.33e-03	9.94e-01	1.11e-14
 1.97727e+19	7.06e-03	9.93e-01	1.28e-14
 1.98407e+19	7.79e-03	9.92e-01	1.46e-14
 1.98969e+19	8.50e-03	9.92e-01	1.64e-14
 1.99580e+19	9.39e-03	9.91e-01	1.87e-14
 2.00237e+19	1.05e-02	9.89e-01	2.19e-14
 2.00798e+19	1.18e-02	9.88e-01	2.54e-14
 2.01264e+19	1.30e-02	9.87e-01	2.90e-14
 2.01765e+19	1.45e-02	9.86e-01	3.38e-14
 2.02294e+19	1.65e-02	9.84e-01	4.05e-14
 2.02728e+19	1.85e-02	9.82e-01	4.77e-14
 2.03076e+19	2.04e-02	9.80e-01	5.51e-14
 2.03448e+19	2.29e-02	9.77e-01	6.52e-14
 2.03850e+19	2.62e-02	9.74e-01	7.96e-14
 2.04190e+19	2.97e-02	9.70e-01	9.65e-14
 2.04468e+19	3.33e-02	9.67e-01	1.15e-13
 2.04763e+19	3.77e-02	9.62e-01	1.40e-13
 2.05084e+19	4.38e-02	9.56e-01	1.78e-13
 2.05357e+19	5.06e-02	9.49e-01	2.26e-13
 2.05579e+19	5.73e-02	9.43e-01	2.79e-13
 2.05813e+19	6.59e-02	9.34e-01	3.57e-13
 2.06045e+19	7.67e-02	9.23e-01	4.68e-13
 2.06214e+19	8.60e-02	9.14e-01	5.78e-13
 2.06347e+19	9.46e-02	9.05e-01	6.92e-13
 2.06495e+19	1.05e-01	8.95e-01	8.51e-13
 2.06655e+19	1.19e-01	8.81e-01	1.08e-12
 2.06791e+19	1.33e-01	8.67e-01	1.36e-12
 2.06902e+19	1.45e-01	8.55e-01	1.63e-12
 2.07020e+19	1.60e-01	8.40e-01	2.00e-12
 2.07146e+19	1.78e-01	8.22e-01	2.51e-12
 2.07254e+19	1.95e-01	8.05e-01	3.06e-12
 2.07347e+19	2.11e-01	7.89e-01	3.66e-12
 2.07453e+19	2.30e-01	7.70e-01	4.49e-12
 2.07565e+19	2.53e-01	7.47e-01	5.61e-12
 2.07660e+19	2.73e-01	7.27e-01	6.76e-12
 2.07743e+19	2.92e-01	7.08e-01	8.00e-12
 2.07837e+19	3.15e-01	6.85e-01	9.70e-12
 2.07939e+19	3.42e-01	6.58e-01	1.20e-11
 2.08031e+19	3.68e-01	6.32e-01	1.45e-11
 2.08112e+19	3.90e-01	6.10e-01	1.71e-11
 2.08195e+19	4.15e-01	5.85e-01	2.03e-11
 2.08285e+19	4.42e-01	5.58e-01	2.44e-11
 2.08373e+19	4.70e-01	5.30e-01	2.93e-11
 2.08446e+19	4.93e-01	5.07e-01	3.39e-11
 2.08513e+19	5.14e-01	4.86e-01	3.85e-11
 2.08579e+19	5.35e-01	4.65e-01	4.39e-11
 2.08633e+19	5.52e-01	4.48e-01	4.86e-11
 2.08669e+19	5.62e-01	4.38e-01	5.16e-11
 2.08704e+19	5.73e-01	4.27e-01	5.50e-11
 2.08747e+19	5.86e-01	4.14e-01	5.97e-11
 2.08792e+19	6.01e-01	3.99e-01	6.52e-11
 2.08832e+19	6.14e-01	3.86e-01	7.00e-11
 2.08868e+19	6.24e-01	3.76e-01	7.46e-11
 2.08905e+19	6.36e-01	3.64e-01	8.00e-11
 2.08945e+19	6.49e-01	3.51e-01	8.60e-11
 2.08983e+19	6.61e-01	3.39e-01	9.20e-11
 2.09020e+19	6.72e-01	3.28e-01	9.83e-11
 2.09056e+19	6.83e-01	3.17e-01	1.04e-10
 2.09093e+19	6.94e-01	3.06e-01	1.12e-10
 2.09130e+19	7.05e-01	2.95e-01	1.19e-10
 2.09166e+19	7.16e-01	2.84e-01	1.26e-10
 2.09202e+19	7.26e-01	2.74e-01	1.34e-10
 2.09238e+19	7.36e-01	2.64e-01	1.42e-10
 2.09274e+19	7.46e-01	2.54e-01	1.50e-10
 2.09309e+19	7.56e-01	2.44e-01	1.59e-10
 2.09344e+19	7.65e-01	2.35e-01	1.68e-10
 2.09379e+19	7.75e-01	2.25e-01	1.77e-10
 2.09414e+19	7.83e-01	2.17e-01	1.87e-10
 2.09448e+19	7.92e-01	2.08e-01	1.96e-10
 2.09483e+19	8.00e-01	2.00e-01	2.06e-10
 2.09517e+19	8.09e-01	1.91e-01	2.17e-10
 2.09551e+19	8.16e-01	1.84e-01	2.27e-10
 2.09585e+19	8.24e-01	1.76e-01	2.38e-10
 2.09619e+19	8.31e-01	1.69e-01	2.49e-10
 2.09652e+19	8.38e-01	1.62e-01	2.61e-10
 2.09685e+19	8.45e-01	1.55e-01	2.72e-10
 2.09717e+19	8.51e-01	1.49e-01	2.84e-10
 2.09749e+19	8.57e-01	1.43e-01	2.95e-10
 2.09781e+19	8.63e-01	1.37e-01	3.07e-10
 2.09812e+19	8.69e-01	1.31e-01	3.18e-10
 2.09843e+19	8.74e-01	1.26e-01	3.30e-10
 2.09873e+19	8.79e-01	1.21e-01	3.42e-10
 2.09903e+19	8.84e-01	1.16e-01	3.54e-10
 2.09933e+19	8.89e-01	1.11e-01	3.65e-10
 2.09962e+19	8.93e-01	1.07e-01	3.78e-10
 2.09991e+19	8.97e-01	1.03e-01	3.89e-10
 2.10019e+19	9.01e-01	9.86e-02	4.02e-10
 2.10048e+19	9.05e-01	9.46e-02	4.14e-10
 2.10076e+19	9.09e-01	9.09e-02	4.26e-10
 2.10104e+19	9.13e-01	8.74e-02	4.38e-10
 2.10131e+19	9.16e-01	8.40e-02	4.51e-10
 2.10158e+19	9.19e-01	8.07e-02	4.62e-10
 2.10186e+19	9.23e-01	7.75e-02	4.75e-10
 2.10212e+19	9.25e-01	7.45e-02	4.87e-10
 2.10239e+19	9.28e-01	7.17e-02	4.99e-10
 2.10265e+19	9.31e-01	6.89e-02	5.11e-10
 2.10291e+19	9.34e-01	6.62e-02	5.24e-10
 2.10317e+19	9.36e-01	6.38e-02	5.35e-10
 2.10343e+19	9.39e-01	6.12e-02	5.49e-10
 2.10369e+19	9.41e-01	5.90e-02	5.61e-10
 2.10394e+19	9.43e-01	5.67e-02	5.73e-10
 2.10419e+19	9.45e-01	5.46e-02	5.84e-10
 2.10445e+19	9.48e-01	5.25e-02	5.98e-10
 2.10470e+19	9.49e-01	5.05e-02	6.10e-10
 2.10495e+19	9.51e-01	4.86e-02	6.22e-10
 2.10519e+19	9.53e-01	4.68e-02	6.34e-10
 2.10544e+19	9.55e-01	4.51e-02	6.47e-10
 2.10569e+19	9.57e-01	4.34e-02	6.58e-10
 2.10593e+19	9.58e-01	4.17e-02	6.72e-10
 2.10617e+19	9.60e-01	4.02e-02	6.84e-10
 2.10641e+19	9.61e-01	3.87e-02	6.97e-10
 2.10665e+19	9.63e-01	3.73e-02	7.08e-10
 2.10690e+19	9.64e-01	3.59e-02	7.22e-10
 2.10714e+19	9.65e-01	3.46e-02	7.34e-10
 2.10737e+19	9.67e-01	3.33e-02	7.47e-10
 2.10761e+19	9.68e-01	3.21e-02	7.58e-10
 2.10785e+19	9.69e-01	3.09e-02	7.72e-10
 2.10809e+19	9.70e-01	2.98e-02	7.84e-10
 2.10832e+19	9.71e-01	2.87e-02	7.97e-10
 2.10856e+19	9.72e-01	2.76e-02	8.09e-10
 2.10879e+19	9.73e-01	2.66e-02	8.23e-10
 2.10903e+19	9.74e-01	2.57e-02	8.35e-10
 2.10926e+19	9.75e-01	2.47e-02	8.50e-10
 2.10949e+19	9.76e-01	2.38e-02	8.63e-10
 2.10972e+19	9.77e-01	2.30e-02	8.77e-10
 2.10996e+19	9.78e-01	2.21e-02	8.89e-10
 2.11019e+19	9.79e-01	2.13e-02	9.04e-10
 2.11042e+19	9.79e-01	2.05e-02	9.18e-10
 2.11065e+19	9.80e-01	1.98e-02	9.33e-10
