#depth	He	He+	He+2
 6.10557e+13	1.49e-04	8.83e-01	1.17e-01
 3.66334e+14	1.49e-04	8.83e-01	1.17e-01
 1.58745e+15	1.50e-04	8.84e-01	1.16e-01
 6.47190e+15	1.51e-04	8.87e-01	1.13e-01
 1.54593e+16	1.53e-04	8.88e-01	1.12e-01
 2.71429e+16	1.55e-04	8.93e-01	1.07e-01
 4.23316e+16	1.59e-04	9.01e-01	9.87e-02
 6.20769e+16	1.64e-04	9.14e-01	8.62e-02
 8.77459e+16	1.71e-04	9.30e-01	7.00e-02
 1.21115e+17	1.79e-04	9.48e-01	5.16e-02
 1.64496e+17	1.90e-04	9.66e-01	3.36e-02
 2.20890e+17	2.02e-04	9.81e-01	1.88e-02
 2.94203e+17	2.17e-04	9.91e-01	8.92e-03
 3.87856e+17	2.35e-04	9.96e-01	3.65e-03
 4.94374e+17	2.55e-04	9.98e-01	1.47e-03
 6.05153e+17	2.77e-04	9.99e-01	6.66e-04
 7.20363e+17	3.01e-04	9.99e-01	3.29e-04
 8.40181e+17	3.26e-04	1.00e+00	1.73e-04
 9.64793e+17	3.54e-04	1.00e+00	9.44e-05
 1.09439e+18	3.85e-04	1.00e+00	5.25e-05
 1.21848e+18	4.15e-04	1.00e+00	3.10e-05
 1.34033e+18	4.46e-04	1.00e+00	1.87e-05
 1.47436e+18	4.82e-04	1.00e+00	1.09e-05
 1.62096e+18	5.24e-04	9.99e-01	6.22e-06
 1.77680e+18	5.70e-04	9.99e-01	3.48e-06
 1.93888e+18	6.20e-04	9.99e-01	1.94e-06
 2.10744e+18	6.76e-04	9.99e-01	1.08e-06
 2.28274e+18	7.36e-04	9.99e-01	6.00e-07
 2.46505e+18	8.04e-04	9.99e-01	3.33e-07
 2.65466e+18	8.77e-04	9.99e-01	1.85e-07
 2.85185e+18	9.60e-04	9.99e-01	1.03e-07
 3.05693e+18	1.05e-03	9.99e-01	5.81e-08
 3.27021e+18	1.15e-03	9.99e-01	3.34e-08
 3.49202e+18	1.27e-03	9.99e-01	1.98e-08
 3.72271e+18	1.40e-03	9.99e-01	1.23e-08
 3.94020e+18	1.53e-03	9.98e-01	8.53e-09
 4.13250e+18	1.65e-03	9.98e-01	6.52e-09
 4.34503e+18	1.81e-03	9.98e-01	5.13e-09
 4.55669e+18	1.97e-03	9.98e-01	4.33e-09
 4.71899e+18	2.10e-03	9.98e-01	3.94e-09
 4.88176e+18	2.25e-03	9.98e-01	3.64e-09
 5.05946e+18	2.43e-03	9.98e-01	3.43e-09
 5.21673e+18	2.60e-03	9.97e-01	3.30e-09
 5.35448e+18	2.76e-03	9.97e-01	3.21e-09
 5.50665e+18	2.96e-03	9.97e-01	3.14e-09
 5.66693e+18	3.19e-03	9.97e-01	3.09e-09
 5.80005e+18	3.39e-03	9.97e-01	3.07e-09
 5.91323e+18	3.59e-03	9.96e-01	3.05e-09
 6.03817e+18	3.83e-03	9.96e-01	3.04e-09
 6.17085e+18	4.11e-03	9.96e-01	3.04e-09
 6.28191e+18	4.36e-03	9.96e-01	3.04e-09
 6.37523e+18	4.60e-03	9.95e-01	3.05e-09
 6.47715e+18	4.90e-03	9.95e-01	3.06e-09
 6.58540e+18	5.24e-03	9.95e-01	3.07e-09
 6.67584e+18	5.57e-03	9.94e-01	3.09e-09
 6.75142e+18	5.88e-03	9.94e-01	3.10e-09
 6.83373e+18	6.25e-03	9.94e-01	3.12e-09
 6.92149e+18	6.70e-03	9.93e-01	3.15e-09
 6.99524e+18	7.13e-03	9.93e-01	3.17e-09
 7.05695e+18	7.53e-03	9.92e-01	3.20e-09
 7.12406e+18	8.03e-03	9.92e-01	3.23e-09
 7.19586e+18	8.64e-03	9.91e-01	3.26e-09
 7.25656e+18	9.24e-03	9.91e-01	3.31e-09
 7.30752e+18	9.81e-03	9.90e-01	3.35e-09
 7.36302e+18	1.05e-02	9.89e-01	3.40e-09
 7.42270e+18	1.14e-02	9.89e-01	3.46e-09
 7.47369e+18	1.23e-02	9.88e-01	3.52e-09
 7.51678e+18	1.32e-02	9.87e-01	3.56e-09
 7.56372e+18	1.43e-02	9.86e-01	3.65e-09
 7.61351e+18	1.58e-02	9.84e-01	3.75e-09
 7.65450e+18	1.72e-02	9.83e-01	3.87e-09
 7.68753e+18	1.86e-02	9.81e-01	3.96e-09
 7.71773e+18	2.01e-02	9.80e-01	4.09e-09
 7.75198e+18	2.21e-02	9.78e-01	4.33e-09
 7.78852e+18	2.47e-02	9.75e-01	4.59e-09
 7.81848e+18	2.74e-02	9.73e-01	4.91e-09
 7.84193e+18	3.00e-02	9.70e-01	5.14e-09
 7.86316e+18	3.28e-02	9.67e-01	5.57e-09
 7.88749e+18	3.68e-02	9.63e-01	6.21e-09
 7.91086e+18	4.15e-02	9.59e-01	7.07e-09
 7.92653e+18	4.55e-02	9.54e-01	7.67e-09
 7.93748e+18	4.88e-02	9.51e-01	8.66e-09
 7.94877e+18	5.28e-02	9.47e-01	9.37e-09
 7.96137e+18	5.78e-02	9.42e-01	1.09e-08
 7.97273e+18	6.31e-02	9.37e-01	1.27e-08
 7.98207e+18	6.82e-02	9.32e-01	1.46e-08
 7.99016e+18	7.34e-02	9.27e-01	1.67e-08
 7.99793e+18	7.89e-02	9.21e-01	1.91e-08
 8.00554e+18	8.50e-02	9.15e-01	2.24e-08
 8.01279e+18	9.16e-02	9.08e-01	2.60e-08
 8.01952e+18	9.82e-02	9.02e-01	3.10e-08
 8.02586e+18	1.05e-01	8.95e-01	3.58e-08
 8.03196e+18	1.13e-01	8.87e-01	4.23e-08
 8.03788e+18	1.21e-01	8.79e-01	4.93e-08
 8.04370e+18	1.29e-01	8.71e-01	5.77e-08
 8.04929e+18	1.39e-01	8.61e-01	6.66e-08
 8.05469e+18	1.48e-01	8.52e-01	7.75e-08
 8.05964e+18	1.57e-01	8.43e-01	8.83e-08
 8.06410e+18	1.66e-01	8.34e-01	9.87e-08
 8.06851e+18	1.76e-01	8.24e-01	1.10e-07
 8.07299e+18	1.86e-01	8.14e-01	1.23e-07
 8.07726e+18	1.97e-01	8.03e-01	1.36e-07
 8.08051e+18	2.05e-01	7.95e-01	1.47e-07
 8.08274e+18	2.11e-01	7.89e-01	1.53e-07
 8.08505e+18	2.18e-01	7.82e-01	1.60e-07
 8.08789e+18	2.26e-01	7.74e-01	1.70e-07
 8.09093e+18	2.36e-01	7.64e-01	1.81e-07
 8.09372e+18	2.44e-01	7.56e-01	1.92e-07
 8.09634e+18	2.53e-01	7.47e-01	2.02e-07
 8.09903e+18	2.62e-01	7.38e-01	2.13e-07
 8.10186e+18	2.72e-01	7.28e-01	2.25e-07
 8.10472e+18	2.82e-01	7.18e-01	2.37e-07
 8.10748e+18	2.92e-01	7.08e-01	2.50e-07
 8.11022e+18	3.02e-01	6.98e-01	2.62e-07
 8.11300e+18	3.13e-01	6.87e-01	2.76e-07
 8.11584e+18	3.24e-01	6.76e-01	2.90e-07
 8.11868e+18	3.36e-01	6.64e-01	3.04e-07
 8.12146e+18	3.47e-01	6.53e-01	3.19e-07
 8.12424e+18	3.60e-01	6.40e-01	3.33e-07
 8.12706e+18	3.72e-01	6.28e-01	3.49e-07
 8.12991e+18	3.85e-01	6.15e-01	3.65e-07
 8.13272e+18	3.97e-01	6.03e-01	3.82e-07
 8.13553e+18	4.10e-01	5.90e-01	3.98e-07
 8.13836e+18	4.24e-01	5.76e-01	4.14e-07
 8.14118e+18	4.37e-01	5.63e-01	4.31e-07
 8.14397e+18	4.50e-01	5.50e-01	4.49e-07
 8.14679e+18	4.65e-01	5.35e-01	4.65e-07
 8.14962e+18	4.78e-01	5.22e-01	4.84e-07
 8.15242e+18	4.92e-01	5.08e-01	5.01e-07
 8.15520e+18	5.06e-01	4.94e-01	5.19e-07
 8.15796e+18	5.20e-01	4.80e-01	5.35e-07
 8.16070e+18	5.34e-01	4.66e-01	5.53e-07
 8.16342e+18	5.48e-01	4.52e-01	5.70e-07
 8.16612e+18	5.62e-01	4.38e-01	5.88e-07
 8.16879e+18	5.76e-01	4.24e-01	6.03e-07
 8.17143e+18	5.89e-01	4.11e-01	6.20e-07
 8.17406e+18	6.02e-01	3.98e-01	6.36e-07
 8.17664e+18	6.15e-01	3.85e-01	6.52e-07
 8.17919e+18	6.28e-01	3.72e-01	6.66e-07
 8.18172e+18	6.41e-01	3.59e-01	6.81e-07
 8.18425e+18	6.53e-01	3.47e-01	6.94e-07
 8.18674e+18	6.65e-01	3.35e-01	7.08e-07
 8.18921e+18	6.77e-01	3.23e-01	7.22e-07
 8.19164e+18	6.88e-01	3.12e-01	7.35e-07
 8.19404e+18	7.00e-01	3.00e-01	7.46e-07
 8.19645e+18	7.10e-01	2.90e-01	7.59e-07
 8.19884e+18	7.21e-01	2.79e-01	7.70e-07
 8.20120e+18	7.32e-01	2.68e-01	7.81e-07
 8.20354e+18	7.42e-01	2.58e-01	7.91e-07
 8.20586e+18	7.51e-01	2.49e-01	8.01e-07
 8.20816e+18	7.61e-01	2.39e-01	8.10e-07
 8.21046e+18	7.70e-01	2.30e-01	8.19e-07
 8.21274e+18	7.79e-01	2.21e-01	8.27e-07
 8.21501e+18	7.88e-01	2.12e-01	8.35e-07
 8.21726e+18	7.96e-01	2.04e-01	8.42e-07
 8.21949e+18	8.04e-01	1.96e-01	8.49e-07
 8.22170e+18	8.12e-01	1.88e-01	8.55e-07
 8.22392e+18	8.20e-01	1.80e-01	8.61e-07
 8.22613e+18	8.27e-01	1.73e-01	8.66e-07
 8.22832e+18	8.34e-01	1.66e-01	8.71e-07
 8.23049e+18	8.41e-01	1.59e-01	8.74e-07
 8.23266e+18	8.48e-01	1.52e-01	8.79e-07
 8.23482e+18	8.54e-01	1.46e-01	8.81e-07
 8.23696e+18	8.60e-01	1.40e-01	8.84e-07
 8.23911e+18	8.66e-01	1.34e-01	8.85e-07
 8.24126e+18	8.72e-01	1.28e-01	8.88e-07
 8.24339e+18	8.78e-01	1.22e-01	8.88e-07
 8.24549e+18	8.83e-01	1.17e-01	8.89e-07
 8.24759e+18	8.88e-01	1.12e-01	8.88e-07
 8.24969e+18	8.93e-01	1.07e-01	8.88e-07
 8.25181e+18	8.98e-01	1.02e-01	8.87e-07
 8.25391e+18	9.02e-01	9.79e-02	8.86e-07
 8.25598e+18	9.06e-01	9.35e-02	8.84e-07
 8.25804e+18	9.11e-01	8.94e-02	8.81e-07
 8.26011e+18	9.15e-01	8.54e-02	8.78e-07
 8.26218e+18	9.18e-01	8.16e-02	8.75e-07
 8.26424e+18	9.22e-01	7.80e-02	8.71e-07
 8.26628e+18	9.26e-01	7.45e-02	8.67e-07
 8.26832e+18	9.29e-01	7.11e-02	8.63e-07
 8.27035e+18	9.32e-01	6.80e-02	8.58e-07
 8.27237e+18	9.35e-01	6.49e-02	8.52e-07
 8.27438e+18	9.38e-01	6.20e-02	8.47e-07
 8.27638e+18	9.41e-01	5.93e-02	8.41e-07
 8.27836e+18	9.43e-01	5.66e-02	8.35e-07
 8.28033e+18	9.46e-01	5.42e-02	8.29e-07
 8.28226e+18	9.48e-01	5.19e-02	8.23e-07
