#depth	He	He+	He+2
 4.83000e+13	1.25e-03	9.98e-01	6.96e-04
 2.89800e+14	1.25e-03	9.98e-01	6.95e-04
 1.25580e+15	1.25e-03	9.98e-01	6.89e-04
 5.11980e+15	1.27e-03	9.98e-01	6.58e-04
 1.22296e+16	1.29e-03	9.98e-01	6.33e-04
 2.14723e+16	1.32e-03	9.98e-01	5.82e-04
 3.34878e+16	1.37e-03	9.98e-01	5.09e-04
 4.91079e+16	1.43e-03	9.98e-01	4.17e-04
 6.94141e+16	1.50e-03	9.98e-01	3.14e-04
 9.58122e+16	1.61e-03	9.98e-01	2.12e-04
 1.27336e+17	1.74e-03	9.98e-01	1.30e-04
 1.61208e+17	1.88e-03	9.98e-01	7.66e-05
 1.96434e+17	2.04e-03	9.98e-01	4.38e-05
 2.33069e+17	2.22e-03	9.98e-01	2.46e-05
 2.71170e+17	2.40e-03	9.98e-01	1.36e-05
 3.10795e+17	2.61e-03	9.97e-01	7.37e-06
 3.52005e+17	2.84e-03	9.97e-01	3.95e-06
 3.94863e+17	3.08e-03	9.97e-01	2.10e-06
 4.39435e+17	3.35e-03	9.97e-01	1.10e-06
 4.85791e+17	3.65e-03	9.96e-01	5.78e-07
 5.34000e+17	3.98e-03	9.96e-01	3.02e-07
 5.83045e+17	4.33e-03	9.96e-01	1.61e-07
 6.34051e+17	4.72e-03	9.95e-01	8.60e-08
 6.86868e+17	5.15e-03	9.95e-01	4.70e-08
 7.39003e+17	5.61e-03	9.94e-01	2.71e-08
 7.94545e+17	6.14e-03	9.94e-01	1.60e-08
 8.52823e+17	6.75e-03	9.93e-01	9.85e-09
 9.08303e+17	7.36e-03	9.93e-01	6.73e-09
 9.68286e+17	8.11e-03	9.92e-01	4.82e-09
 1.03084e+18	8.95e-03	9.91e-01	3.75e-09
 1.08573e+18	9.78e-03	9.90e-01	3.21e-09
 1.13653e+18	1.06e-02	9.89e-01	2.89e-09
 1.19490e+18	1.17e-02	9.88e-01	2.67e-09
 1.25780e+18	1.31e-02	9.87e-01	2.53e-09
 1.31267e+18	1.44e-02	9.86e-01	2.47e-09
 1.36134e+18	1.58e-02	9.84e-01	2.43e-09
 1.41586e+18	1.77e-02	9.82e-01	2.42e-09
 1.47425e+18	1.99e-02	9.80e-01	2.42e-09
 1.52422e+18	2.23e-02	9.78e-01	2.44e-09
 1.56723e+18	2.47e-02	9.75e-01	2.46e-09
 1.61466e+18	2.79e-02	9.72e-01	2.49e-09
 1.66508e+18	3.22e-02	9.68e-01	2.54e-09
 1.70729e+18	3.66e-02	9.63e-01	2.59e-09
 1.74253e+18	4.13e-02	9.59e-01	2.64e-09
 1.78078e+18	4.77e-02	9.52e-01	2.69e-09
 1.81706e+18	5.53e-02	9.45e-01	2.78e-09
 1.84198e+18	6.20e-02	9.38e-01	2.85e-09
 1.86216e+18	6.86e-02	9.31e-01	2.91e-09
 1.88499e+18	7.76e-02	9.22e-01	2.96e-09
 1.91467e+18	9.26e-02	9.07e-01	3.09e-09
 1.94444e+18	1.13e-01	8.87e-01	3.23e-09
 1.96677e+18	1.35e-01	8.65e-01	3.32e-09
 1.98399e+18	1.58e-01	8.42e-01	3.47e-09
 1.99901e+18	1.83e-01	8.17e-01	3.59e-09
 2.01297e+18	2.12e-01	7.88e-01	3.70e-09
 2.02610e+18	2.48e-01	7.52e-01	3.76e-09
 2.03877e+18	2.91e-01	7.09e-01	3.82e-09
 2.05107e+18	3.44e-01	6.56e-01	3.87e-09
 2.06237e+18	4.04e-01	5.96e-01	3.87e-09
 2.07244e+18	4.69e-01	5.31e-01	3.83e-09
 2.08168e+18	5.38e-01	4.62e-01	3.70e-09
 2.09061e+18	6.09e-01	3.91e-01	3.55e-09
 2.10082e+18	6.94e-01	3.06e-01	3.16e-09
 2.11149e+18	7.77e-01	2.23e-01	2.66e-09
 2.12032e+18	8.36e-01	1.64e-01	2.24e-09
 2.12801e+18	8.79e-01	1.21e-01	1.90e-09
 2.13550e+18	9.11e-01	8.93e-02	1.60e-09
 2.14262e+18	9.34e-01	6.61e-02	1.40e-09
 2.14903e+18	9.50e-01	5.01e-02	1.27e-09
 2.15467e+18	9.61e-01	3.93e-02	1.19e-09
 2.15977e+18	9.68e-01	3.15e-02	1.15e-09
 2.16454e+18	9.74e-01	2.58e-02	1.16e-09
 2.16879e+18	9.78e-01	2.17e-02	1.21e-09
 2.17211e+18	9.81e-01	1.92e-02	1.29e-09
 2.17455e+18	9.82e-01	1.75e-02	1.38e-09
 2.17653e+18	9.84e-01	1.63e-02	1.46e-09
 2.17838e+18	9.85e-01	1.53e-02	1.55e-09
 2.18018e+18	9.86e-01	1.44e-02	1.66e-09
 2.18184e+18	9.86e-01	1.36e-02	1.80e-09
 2.18329e+18	9.87e-01	1.31e-02	1.94e-09
 2.18457e+18	9.87e-01	1.26e-02	2.06e-09
 2.18581e+18	9.88e-01	1.21e-02	2.21e-09
 2.18702e+18	9.88e-01	1.17e-02	2.36e-09
 2.18799e+18	9.89e-01	1.15e-02	2.52e-09
 2.18869e+18	9.89e-01	1.13e-02	2.63e-09
 2.18936e+18	9.89e-01	1.11e-02	2.75e-09
 2.19012e+18	9.89e-01	1.09e-02	2.89e-09
 2.19093e+18	9.89e-01	1.07e-02	3.04e-09
 2.19169e+18	9.89e-01	1.06e-02	3.22e-09
 2.19243e+18	9.90e-01	1.04e-02	3.38e-09
 2.19315e+18	9.90e-01	1.02e-02	3.57e-09
 2.19388e+18	9.90e-01	1.01e-02	3.75e-09
 2.19461e+18	9.90e-01	9.98e-03	3.98e-09
 2.19533e+18	9.90e-01	9.85e-03	4.20e-09
 2.19606e+18	9.90e-01	9.73e-03	4.43e-09
 2.19676e+18	9.90e-01	9.63e-03	4.68e-09
 2.19746e+18	9.90e-01	9.53e-03	4.95e-09
 2.19816e+18	9.91e-01	9.43e-03	5.23e-09
 2.19886e+18	9.91e-01	9.34e-03	5.54e-09
 2.19956e+18	9.91e-01	9.26e-03	5.85e-09
 2.20024e+18	9.91e-01	9.19e-03	6.20e-09
 2.20093e+18	9.91e-01	9.11e-03	6.55e-09
 2.20161e+18	9.91e-01	9.05e-03	6.94e-09
 2.20228e+18	9.91e-01	8.98e-03	7.32e-09
 2.20294e+18	9.91e-01	8.93e-03	7.76e-09
 2.20359e+18	9.91e-01	8.87e-03	8.19e-09
 2.20423e+18	9.91e-01	8.82e-03	8.64e-09
 2.20488e+18	9.91e-01	8.77e-03	9.12e-09
 2.20552e+18	9.91e-01	8.73e-03	9.62e-09
 2.20615e+18	9.91e-01	8.68e-03	1.01e-08
 2.20676e+18	9.91e-01	8.65e-03	1.07e-08
 2.20737e+18	9.91e-01	8.61e-03	1.12e-08
 2.20797e+18	9.91e-01	8.57e-03	1.18e-08
 2.20857e+18	9.91e-01	8.54e-03	1.24e-08
 2.20917e+18	9.91e-01	8.51e-03	1.31e-08
 2.20975e+18	9.92e-01	8.48e-03	1.37e-08
 2.21033e+18	9.92e-01	8.45e-03	1.44e-08
 2.21091e+18	9.92e-01	8.42e-03	1.51e-08
 2.21148e+18	9.92e-01	8.40e-03	1.59e-08
 2.21204e+18	9.92e-01	8.38e-03	1.66e-08
 2.21260e+18	9.92e-01	8.36e-03	1.74e-08
 2.21316e+18	9.92e-01	8.33e-03	1.82e-08
 2.21371e+18	9.92e-01	8.31e-03	1.90e-08
 2.21426e+18	9.92e-01	8.29e-03	1.99e-08
 2.21480e+18	9.92e-01	8.26e-03	2.07e-08
 2.21534e+18	9.92e-01	8.24e-03	2.16e-08
 2.21588e+18	9.92e-01	8.22e-03	2.26e-08
 2.21641e+18	9.92e-01	8.19e-03	2.35e-08
 2.21693e+18	9.92e-01	8.17e-03	2.45e-08
 2.21746e+18	9.92e-01	8.15e-03	2.55e-08
 2.21797e+18	9.92e-01	8.12e-03	2.65e-08
 2.21849e+18	9.92e-01	8.10e-03	2.75e-08
 2.21900e+18	9.92e-01	8.08e-03	2.86e-08
 2.21950e+18	9.92e-01	8.05e-03	2.96e-08
 2.22000e+18	9.92e-01	8.03e-03	3.07e-08
 2.22049e+18	9.92e-01	8.00e-03	3.18e-08
 2.22098e+18	9.92e-01	7.97e-03	3.28e-08
 2.22147e+18	9.92e-01	7.94e-03	3.39e-08
 2.22194e+18	9.92e-01	7.91e-03	3.50e-08
 2.22241e+18	9.92e-01	7.88e-03	3.61e-08
 2.22287e+18	9.92e-01	7.84e-03	3.71e-08
 2.22332e+18	9.92e-01	7.81e-03	3.81e-08
 2.22377e+18	9.92e-01	7.77e-03	3.91e-08
 2.22419e+18	9.92e-01	7.73e-03	4.00e-08
 2.22458e+18	9.92e-01	7.69e-03	4.09e-08
 2.22494e+18	9.92e-01	7.65e-03	4.16e-08
 2.22526e+18	9.92e-01	7.61e-03	4.22e-08
 2.22557e+18	9.92e-01	7.57e-03	4.28e-08
 2.22585e+18	9.92e-01	7.54e-03	4.33e-08
 2.22612e+18	9.93e-01	7.50e-03	4.37e-08
 2.22637e+18	9.93e-01	7.46e-03	4.41e-08
 2.22660e+18	9.93e-01	7.42e-03	4.44e-08
 2.22682e+18	9.93e-01	7.38e-03	4.47e-08
 2.22702e+18	9.93e-01	7.34e-03	4.49e-08
 2.22720e+18	9.93e-01	7.31e-03	4.51e-08
 2.22737e+18	9.93e-01	7.27e-03	4.53e-08
 2.22752e+18	9.93e-01	7.24e-03	4.54e-08
 2.22766e+18	9.93e-01	7.21e-03	4.55e-08
 2.22778e+18	9.93e-01	7.19e-03	4.57e-08
 2.22790e+18	9.93e-01	7.16e-03	4.57e-08
 2.22802e+18	9.93e-01	7.14e-03	4.59e-08
 2.22815e+18	9.93e-01	7.11e-03	4.60e-08
 2.22828e+18	9.93e-01	7.09e-03	4.61e-08
 2.22841e+18	9.93e-01	7.05e-03	4.61e-08
 2.22856e+18	9.93e-01	7.02e-03	4.62e-08
 2.22869e+18	9.93e-01	6.99e-03	4.63e-08
 2.22881e+18	9.93e-01	6.97e-03	4.65e-08
 2.22894e+18	9.93e-01	6.93e-03	4.65e-08
 2.22908e+18	9.93e-01	6.91e-03	4.66e-08
 2.22921e+18	9.93e-01	6.88e-03	4.67e-08
 2.22935e+18	9.93e-01	6.85e-03	4.68e-08
 2.22950e+18	9.93e-01	6.82e-03	4.69e-08
 2.22964e+18	9.93e-01	6.80e-03	4.71e-08
 2.22977e+18	9.93e-01	6.77e-03	4.72e-08
 2.22991e+18	9.93e-01	6.74e-03	4.73e-08
 2.23006e+18	9.93e-01	6.71e-03	4.75e-08
 2.23019e+18	9.93e-01	6.68e-03	4.75e-08
 2.23032e+18	9.93e-01	6.66e-03	4.77e-08
 2.23045e+18	9.93e-01	6.63e-03	4.78e-08
 2.23060e+18	9.93e-01	6.60e-03	4.78e-08
 2.23073e+18	9.93e-01	6.58e-03	4.80e-08
 2.23085e+18	9.93e-01	6.55e-03	4.80e-08
 2.23099e+18	9.93e-01	6.52e-03	4.81e-08
 2.23113e+18	9.94e-01	6.48e-03	4.81e-08
