#depth	H	H+	H2
 7.35621e+13	4.42e-05	1.00e+00	5.53e-18
 4.41373e+14	4.42e-05	1.00e+00	5.54e-18
 1.91262e+15	4.43e-05	1.00e+00	5.57e-18
 7.79758e+15	4.45e-05	1.00e+00	5.65e-18
 1.86259e+16	4.50e-05	1.00e+00	5.82e-18
 3.27028e+16	4.55e-05	1.00e+00	6.02e-18
 5.10027e+16	4.62e-05	1.00e+00	6.26e-18
 7.47925e+16	4.70e-05	1.00e+00	6.57e-18
 1.05719e+17	4.80e-05	1.00e+00	6.97e-18
 1.45924e+17	4.93e-05	1.00e+00	7.48e-18
 1.98191e+17	5.10e-05	1.00e+00	8.16e-18
 2.66137e+17	5.33e-05	1.00e+00	9.08e-18
 3.54467e+17	5.63e-05	1.00e+00	1.03e-17
 4.69296e+17	6.02e-05	1.00e+00	1.19e-17
 6.05561e+17	6.49e-05	1.00e+00	1.40e-17
 7.51140e+17	7.01e-05	1.00e+00	1.65e-17
 9.02541e+17	7.57e-05	1.00e+00	1.93e-17
 1.06000e+18	8.17e-05	1.00e+00	2.27e-17
 1.22375e+18	8.83e-05	1.00e+00	2.66e-17
 1.39406e+18	9.54e-05	1.00e+00	3.13e-17
 1.55493e+18	1.02e-04	1.00e+00	3.61e-17
 1.71042e+18	1.09e-04	1.00e+00	4.15e-17
 1.88146e+18	1.17e-04	1.00e+00	4.82e-17
 2.06961e+18	1.26e-04	1.00e+00	5.66e-17
 2.27220e+18	1.37e-04	1.00e+00	6.68e-17
 2.48444e+18	1.48e-04	1.00e+00	7.90e-17
 2.70518e+18	1.61e-04	1.00e+00	9.37e-17
 2.93474e+18	1.74e-04	1.00e+00	1.11e-16
 3.17349e+18	1.89e-04	1.00e+00	1.32e-16
 3.42178e+18	2.06e-04	1.00e+00	1.58e-16
 3.68001e+18	2.25e-04	1.00e+00	1.88e-16
 3.94856e+18	2.45e-04	1.00e+00	2.26e-16
 4.22786e+18	2.69e-04	1.00e+00	2.71e-16
 4.51833e+18	2.95e-04	1.00e+00	3.27e-16
 4.82042e+18	3.25e-04	1.00e+00	3.96e-16
 5.13459e+18	3.60e-04	1.00e+00	4.81e-16
 5.46133e+18	4.01e-04	1.00e+00	5.88e-16
 5.78947e+18	4.47e-04	1.00e+00	7.17e-16
 6.11035e+18	4.98e-04	1.00e+00	8.70e-16
 6.45574e+18	5.64e-04	9.99e-01	1.08e-15
 6.78487e+18	6.35e-04	9.99e-01	1.31e-15
 7.04471e+18	7.02e-04	9.99e-01	1.53e-15
 7.25560e+18	7.63e-04	9.99e-01	1.74e-15
 7.44219e+18	8.26e-04	9.99e-01	1.96e-15
 7.65489e+18	9.07e-04	9.99e-01	2.26e-15
 7.87678e+18	1.00e-03	9.99e-01	2.61e-15
 8.05788e+18	1.10e-03	9.99e-01	2.94e-15
 8.21069e+18	1.18e-03	9.99e-01	3.28e-15
 8.37948e+18	1.30e-03	9.99e-01	3.72e-15
 8.55891e+18	1.43e-03	9.99e-01	4.26e-15
 8.70904e+18	1.57e-03	9.98e-01	4.79e-15
 8.83440e+18	1.70e-03	9.98e-01	5.31e-15
 8.97067e+18	1.86e-03	9.98e-01	5.99e-15
 9.11496e+18	2.06e-03	9.98e-01	6.82e-15
 9.23458e+18	2.26e-03	9.98e-01	7.65e-15
 9.33367e+18	2.45e-03	9.98e-01	8.45e-15
 9.44114e+18	2.68e-03	9.97e-01	9.50e-15
 9.55544e+18	2.97e-03	9.97e-01	1.08e-14
 9.65085e+18	3.26e-03	9.97e-01	1.21e-14
 9.72995e+18	3.54e-03	9.96e-01	1.34e-14
 9.81559e+18	3.89e-03	9.96e-01	1.51e-14
 9.90689e+18	4.32e-03	9.96e-01	1.72e-14
 9.98344e+18	4.76e-03	9.95e-01	1.94e-14
 1.00471e+19	5.18e-03	9.95e-01	2.15e-14
 1.01160e+19	5.72e-03	9.94e-01	2.44e-14
 1.01898e+19	6.39e-03	9.94e-01	2.80e-14
 1.02521e+19	7.09e-03	9.93e-01	3.19e-14
 1.03043e+19	7.77e-03	9.92e-01	3.57e-14
 1.03608e+19	8.63e-03	9.91e-01	4.09e-14
 1.04216e+19	9.77e-03	9.90e-01	4.79e-14
 1.04736e+19	1.10e-02	9.89e-01	5.55e-14
 1.05169e+19	1.22e-02	9.88e-01	6.36e-14
 1.05571e+19	1.35e-02	9.86e-01	7.29e-14
 1.06034e+19	1.54e-02	9.85e-01	8.64e-14
 1.06511e+19	1.78e-02	9.82e-01	1.05e-13
 1.06884e+19	2.03e-02	9.80e-01	1.26e-13
 1.07177e+19	2.27e-02	9.77e-01	1.46e-13
 1.07489e+19	2.57e-02	9.74e-01	1.74e-13
 1.07833e+19	3.00e-02	9.70e-01	2.17e-13
 1.08132e+19	3.50e-02	9.65e-01	2.71e-13
 1.08374e+19	4.02e-02	9.60e-01	3.32e-13
 1.08590e+19	4.60e-02	9.54e-01	4.09e-13
 1.08835e+19	5.40e-02	9.46e-01	5.27e-13
 1.09074e+19	6.50e-02	9.35e-01	7.10e-13
 1.09239e+19	7.51e-02	9.25e-01	9.04e-13
 1.09358e+19	8.38e-02	9.16e-01	1.09e-12
 1.09481e+19	9.45e-02	9.06e-01	1.35e-12
 1.09617e+19	1.09e-01	8.91e-01	1.74e-12
 1.09737e+19	1.24e-01	8.76e-01	2.24e-12
 1.09836e+19	1.39e-01	8.61e-01	2.79e-12
 1.09924e+19	1.55e-01	8.45e-01	3.45e-12
 1.10024e+19	1.75e-01	8.25e-01	4.43e-12
 1.10127e+19	2.00e-01	8.00e-01	5.85e-12
 1.10209e+19	2.22e-01	7.78e-01	7.34e-12
 1.10275e+19	2.42e-01	7.58e-01	8.87e-12
 1.10349e+19	2.65e-01	7.35e-01	1.09e-11
 1.10430e+19	2.93e-01	7.07e-01	1.39e-11
 1.10502e+19	3.20e-01	6.80e-01	1.71e-11
 1.10564e+19	3.44e-01	6.56e-01	2.05e-11
 1.10629e+19	3.69e-01	6.31e-01	2.45e-11
 1.10699e+19	3.98e-01	6.02e-01	3.00e-11
 1.10766e+19	4.26e-01	5.74e-01	3.60e-11
 1.10827e+19	4.51e-01	5.49e-01	4.23e-11
 1.10883e+19	4.74e-01	5.26e-01	4.89e-11
 1.10938e+19	4.97e-01	5.03e-01	5.62e-11
 1.10992e+19	5.19e-01	4.81e-01	6.45e-11
 1.11045e+19	5.41e-01	4.59e-01	7.31e-11
 1.11088e+19	5.57e-01	4.43e-01	8.06e-11
 1.11116e+19	5.67e-01	4.33e-01	8.56e-11
 1.11144e+19	5.77e-01	4.23e-01	9.09e-11
 1.11178e+19	5.91e-01	4.09e-01	9.85e-11
 1.11215e+19	6.05e-01	3.95e-01	1.07e-10
 1.11248e+19	6.17e-01	3.83e-01	1.14e-10
 1.11279e+19	6.29e-01	3.71e-01	1.23e-10
 1.11310e+19	6.40e-01	3.60e-01	1.31e-10
 1.11343e+19	6.52e-01	3.48e-01	1.40e-10
 1.11376e+19	6.65e-01	3.35e-01	1.51e-10
 1.11408e+19	6.76e-01	3.24e-01	1.60e-10
 1.11438e+19	6.87e-01	3.13e-01	1.71e-10
 1.11470e+19	6.97e-01	3.03e-01	1.82e-10
 1.11502e+19	7.09e-01	2.91e-01	1.94e-10
 1.11533e+19	7.19e-01	2.81e-01	2.06e-10
 1.11564e+19	7.29e-01	2.71e-01	2.19e-10
 1.11595e+19	7.39e-01	2.61e-01	2.32e-10
 1.11627e+19	7.49e-01	2.51e-01	2.46e-10
 1.11657e+19	7.59e-01	2.41e-01	2.59e-10
 1.11688e+19	7.68e-01	2.32e-01	2.75e-10
 1.11719e+19	7.77e-01	2.23e-01	2.91e-10
 1.11750e+19	7.86e-01	2.14e-01	3.06e-10
 1.11780e+19	7.94e-01	2.06e-01	3.23e-10
 1.11811e+19	8.02e-01	1.98e-01	3.40e-10
 1.11841e+19	8.11e-01	1.89e-01	3.58e-10
 1.11871e+19	8.18e-01	1.82e-01	3.76e-10
 1.11901e+19	8.26e-01	1.74e-01	3.95e-10
 1.11931e+19	8.33e-01	1.67e-01	4.12e-10
 1.11960e+19	8.40e-01	1.60e-01	4.33e-10
 1.11990e+19	8.46e-01	1.54e-01	4.52e-10
 1.12018e+19	8.53e-01	1.47e-01	4.73e-10
 1.12047e+19	8.59e-01	1.41e-01	4.92e-10
 1.12075e+19	8.64e-01	1.36e-01	5.14e-10
 1.12103e+19	8.70e-01	1.30e-01	5.34e-10
 1.12131e+19	8.75e-01	1.25e-01	5.56e-10
 1.12158e+19	8.80e-01	1.20e-01	5.76e-10
 1.12184e+19	8.85e-01	1.15e-01	5.99e-10
 1.12211e+19	8.90e-01	1.10e-01	6.19e-10
 1.12238e+19	8.94e-01	1.06e-01	6.43e-10
 1.12264e+19	8.98e-01	1.02e-01	6.64e-10
 1.12290e+19	9.02e-01	9.76e-02	6.87e-10
 1.12315e+19	9.06e-01	9.39e-02	7.08e-10
 1.12340e+19	9.10e-01	9.01e-02	7.33e-10
 1.12366e+19	9.13e-01	8.67e-02	7.54e-10
 1.12391e+19	9.17e-01	8.31e-02	7.80e-10
 1.12416e+19	9.20e-01	8.00e-02	8.02e-10
 1.12440e+19	9.23e-01	7.69e-02	8.26e-10
 1.12464e+19	9.26e-01	7.40e-02	8.48e-10
 1.12489e+19	9.29e-01	7.10e-02	8.75e-10
 1.12513e+19	9.32e-01	6.82e-02	8.98e-10
 1.12537e+19	9.34e-01	6.56e-02	9.23e-10
 1.12560e+19	9.37e-01	6.32e-02	9.46e-10
 1.12584e+19	9.39e-01	6.08e-02	9.73e-10
 1.12607e+19	9.42e-01	5.84e-02	9.97e-10
 1.12631e+19	9.44e-01	5.62e-02	1.02e-09
 1.12654e+19	9.46e-01	5.41e-02	1.05e-09
 1.12677e+19	9.48e-01	5.20e-02	1.08e-09
 1.12700e+19	9.50e-01	5.01e-02	1.10e-09
 1.12723e+19	9.52e-01	4.82e-02	1.13e-09
 1.12745e+19	9.54e-01	4.64e-02	1.15e-09
 1.12768e+19	9.55e-01	4.46e-02	1.18e-09
 1.12791e+19	9.57e-01	4.30e-02	1.21e-09
 1.12813e+19	9.59e-01	4.13e-02	1.24e-09
 1.12835e+19	9.60e-01	3.98e-02	1.27e-09
 1.12858e+19	9.62e-01	3.83e-02	1.30e-09
 1.12880e+19	9.63e-01	3.69e-02	1.33e-09
 1.12902e+19	9.65e-01	3.55e-02	1.36e-09
 1.12924e+19	9.66e-01	3.42e-02	1.39e-09
 1.12946e+19	9.67e-01	3.30e-02	1.42e-09
 1.12968e+19	9.68e-01	3.18e-02	1.45e-09
 1.12990e+19	9.69e-01	3.05e-02	1.49e-09
 1.13012e+19	9.71e-01	2.94e-02	1.52e-09
 1.13034e+19	9.72e-01	2.83e-02	1.56e-09
 1.13055e+19	9.73e-01	2.73e-02	1.60e-09
 1.13077e+19	9.74e-01	2.63e-02	1.64e-09
 1.13099e+19	9.75e-01	2.53e-02	1.68e-09
 1.13120e+19	9.76e-01	2.44e-02	1.72e-09
 1.13142e+19	9.77e-01	2.35e-02	1.77e-09
 1.13163e+19	9.77e-01	2.26e-02	1.82e-09
 1.13184e+19	9.78e-01	2.18e-02	1.87e-09
 1.13206e+19	9.79e-01	2.10e-02	1.92e-09
 1.13227e+19	9.80e-01	2.02e-02	1.98e-09
 1.13248e+19	9.81e-01	1.95e-02	2.05e-09
