#depth	H	H+	H2
 5.24870e+13	1.31e-04	1.00e+00	1.98e-16
 3.14922e+14	1.31e-04	1.00e+00	1.99e-16
 1.36466e+15	1.32e-04	1.00e+00	1.99e-16
 5.56362e+15	1.32e-04	1.00e+00	2.02e-16
 1.32897e+16	1.34e-04	1.00e+00	2.07e-16
 2.33336e+16	1.36e-04	1.00e+00	2.14e-16
 3.63907e+16	1.38e-04	1.00e+00	2.22e-16
 5.33649e+16	1.42e-04	1.00e+00	2.34e-16
 7.54314e+16	1.46e-04	1.00e+00	2.49e-16
 1.04118e+17	1.52e-04	1.00e+00	2.71e-16
 1.41410e+17	1.61e-04	1.00e+00	3.00e-16
 1.89890e+17	1.72e-04	1.00e+00	3.43e-16
 2.47225e+17	1.85e-04	1.00e+00	3.98e-16
 3.08290e+17	1.99e-04	1.00e+00	4.62e-16
 3.71796e+17	2.15e-04	1.00e+00	5.39e-16
 4.37844e+17	2.33e-04	1.00e+00	6.29e-16
 5.06533e+17	2.52e-04	1.00e+00	7.35e-16
 5.77969e+17	2.72e-04	1.00e+00	8.60e-16
 6.52263e+17	2.94e-04	1.00e+00	1.01e-15
 7.29529e+17	3.19e-04	1.00e+00	1.18e-15
 8.07365e+17	3.44e-04	1.00e+00	1.38e-15
 8.88102e+17	3.73e-04	1.00e+00	1.62e-15
 9.74588e+17	4.04e-04	1.00e+00	1.92e-15
 1.06475e+18	4.39e-04	1.00e+00	2.27e-15
 1.15851e+18	4.78e-04	1.00e+00	2.69e-15
 1.25603e+18	5.21e-04	9.99e-01	3.20e-15
 1.34832e+18	5.63e-04	9.99e-01	3.73e-15
 1.43107e+18	6.04e-04	9.99e-01	4.28e-15
 1.52347e+18	6.55e-04	9.99e-01	5.02e-15
 1.62534e+18	7.12e-04	9.99e-01	5.91e-15
 1.71850e+18	7.69e-04	9.99e-01	6.83e-15
 1.80456e+18	8.27e-04	9.99e-01	7.82e-15
 1.90243e+18	8.99e-04	9.99e-01	9.15e-15
 2.00795e+18	9.82e-04	9.99e-01	1.07e-14
 2.10106e+18	1.06e-03	9.99e-01	1.23e-14
 2.18586e+18	1.14e-03	9.99e-01	1.39e-14
 2.28221e+18	1.25e-03	9.99e-01	1.62e-14
 2.38530e+18	1.37e-03	9.99e-01	1.89e-14
 2.47447e+18	1.49e-03	9.99e-01	2.15e-14
 2.55381e+18	1.61e-03	9.98e-01	2.41e-14
 2.64307e+18	1.76e-03	9.98e-01	2.78e-14
 2.73800e+18	1.94e-03	9.98e-01	3.20e-14
 2.81867e+18	2.12e-03	9.98e-01	3.61e-14
 2.88879e+18	2.29e-03	9.98e-01	4.03e-14
 2.96681e+18	2.51e-03	9.97e-01	4.58e-14
 3.04971e+18	2.79e-03	9.97e-01	5.23e-14
 3.11958e+18	3.05e-03	9.97e-01	5.87e-14
 3.17925e+18	3.32e-03	9.97e-01	6.50e-14
 3.24499e+18	3.65e-03	9.96e-01	7.33e-14
 3.31503e+18	4.07e-03	9.96e-01	8.34e-14
 3.37406e+18	4.48e-03	9.96e-01	9.31e-14
 3.42400e+18	4.89e-03	9.95e-01	1.03e-13
 3.47867e+18	5.42e-03	9.95e-01	1.16e-13
 3.53719e+18	6.08e-03	9.94e-01	1.32e-13
 3.58685e+18	6.77e-03	9.93e-01	1.49e-13
 3.62884e+18	7.46e-03	9.93e-01	1.66e-13
 3.67472e+18	8.36e-03	9.92e-01	1.88e-13
 3.72411e+18	9.54e-03	9.90e-01	2.18e-13
 3.76651e+18	1.08e-02	9.89e-01	2.51e-13
 3.80267e+18	1.21e-02	9.88e-01	2.86e-13
 3.83482e+18	1.36e-02	9.86e-01	3.23e-13
 3.86419e+18	1.52e-02	9.85e-01	3.69e-13
 3.89740e+18	1.74e-02	9.83e-01	4.33e-13
 3.93301e+18	2.05e-02	9.80e-01	5.26e-13
 3.96364e+18	2.40e-02	9.76e-01	6.37e-13
 3.98939e+18	2.78e-02	9.72e-01	7.63e-13
 4.01289e+18	3.23e-02	9.68e-01	9.24e-13
 4.03421e+18	3.77e-02	9.62e-01	1.13e-12
 4.05205e+18	4.35e-02	9.56e-01	1.36e-12
 4.06737e+18	5.00e-02	9.50e-01	1.64e-12
 4.08136e+18	5.74e-02	9.43e-01	1.99e-12
 4.09432e+18	6.60e-02	9.34e-01	2.44e-12
 4.10610e+18	7.61e-02	9.24e-01	3.02e-12
 4.11657e+18	8.77e-02	9.12e-01	3.75e-12
 4.12579e+18	1.00e-01	9.00e-01	4.62e-12
 4.13427e+18	1.14e-01	8.86e-01	5.76e-12
 4.14225e+18	1.31e-01	8.69e-01	7.31e-12
 4.14944e+18	1.50e-01	8.50e-01	9.27e-12
 4.15584e+18	1.71e-01	8.29e-01	1.18e-11
 4.16173e+18	1.94e-01	8.06e-01	1.49e-11
 4.16725e+18	2.19e-01	7.81e-01	1.91e-11
 4.17251e+18	2.48e-01	7.52e-01	2.47e-11
 4.17743e+18	2.79e-01	7.21e-01	3.18e-11
 4.18197e+18	3.12e-01	6.88e-01	4.11e-11
 4.18607e+18	3.46e-01	6.54e-01	5.22e-11
 4.18955e+18	3.77e-01	6.23e-01	6.45e-11
 4.19245e+18	4.05e-01	5.95e-01	7.74e-11
 4.19504e+18	4.31e-01	5.69e-01	9.08e-11
 4.19748e+18	4.56e-01	5.44e-01	1.05e-10
 4.19979e+18	4.79e-01	5.21e-01	1.21e-10
 4.20197e+18	5.02e-01	4.98e-01	1.38e-10
 4.20401e+18	5.23e-01	4.77e-01	1.56e-10
 4.20596e+18	5.43e-01	4.57e-01	1.75e-10
 4.20753e+18	5.60e-01	4.40e-01	1.92e-10
 4.20863e+18	5.71e-01	4.29e-01	2.03e-10
 4.20966e+18	5.81e-01	4.19e-01	2.16e-10
 4.21088e+18	5.93e-01	4.07e-01	2.30e-10
 4.21225e+18	6.06e-01	3.94e-01	2.48e-10
 4.21361e+18	6.19e-01	3.81e-01	2.66e-10
 4.21489e+18	6.31e-01	3.69e-01	2.84e-10
 4.21615e+18	6.42e-01	3.58e-01	3.01e-10
 4.21746e+18	6.54e-01	3.46e-01	3.22e-10
 4.21880e+18	6.65e-01	3.35e-01	3.42e-10
 4.22016e+18	6.76e-01	3.24e-01	3.65e-10
 4.22154e+18	6.87e-01	3.13e-01	3.88e-10
 4.22291e+18	6.98e-01	3.02e-01	4.13e-10
 4.22430e+18	7.08e-01	2.92e-01	4.36e-10
 4.22572e+18	7.19e-01	2.81e-01	4.63e-10
 4.22719e+18	7.29e-01	2.71e-01	4.92e-10
 4.22867e+18	7.39e-01	2.61e-01	5.20e-10
 4.23015e+18	7.48e-01	2.52e-01	5.49e-10
 4.23168e+18	7.58e-01	2.42e-01	5.82e-10
 4.23324e+18	7.67e-01	2.33e-01	6.13e-10
 4.23483e+18	7.76e-01	2.24e-01	6.50e-10
 4.23645e+18	7.84e-01	2.16e-01	6.82e-10
 4.23810e+18	7.93e-01	2.07e-01	7.22e-10
 4.23980e+18	8.01e-01	1.99e-01	7.62e-10
 4.24151e+18	8.09e-01	1.91e-01	8.02e-10
 4.24323e+18	8.16e-01	1.84e-01	8.44e-10
 4.24501e+18	8.24e-01	1.76e-01	8.90e-10
 4.24683e+18	8.31e-01	1.69e-01	9.35e-10
 4.24866e+18	8.38e-01	1.62e-01	9.84e-10
 4.25051e+18	8.45e-01	1.55e-01	1.03e-09
 4.25237e+18	8.51e-01	1.49e-01	1.09e-09
 4.25425e+18	8.57e-01	1.43e-01	1.14e-09
 4.25613e+18	8.63e-01	1.37e-01	1.19e-09
 4.25802e+18	8.68e-01	1.32e-01	1.25e-09
 4.25990e+18	8.74e-01	1.26e-01	1.31e-09
 4.26180e+18	8.79e-01	1.21e-01	1.37e-09
 4.26369e+18	8.84e-01	1.16e-01	1.43e-09
 4.26559e+18	8.88e-01	1.12e-01	1.49e-09
 4.26748e+18	8.93e-01	1.07e-01	1.56e-09
 4.26937e+18	8.97e-01	1.03e-01	1.63e-09
 4.27126e+18	9.01e-01	9.86e-02	1.70e-09
 4.27314e+18	9.05e-01	9.48e-02	1.77e-09
 4.27500e+18	9.09e-01	9.10e-02	1.85e-09
 4.27688e+18	9.13e-01	8.75e-02	1.92e-09
 4.27876e+18	9.16e-01	8.39e-02	2.01e-09
 4.28062e+18	9.19e-01	8.07e-02	2.08e-09
 4.28247e+18	9.22e-01	7.75e-02	2.17e-09
 4.28430e+18	9.25e-01	7.45e-02	2.26e-09
 4.28614e+18	9.28e-01	7.16e-02	2.36e-09
 4.28799e+18	9.31e-01	6.88e-02	2.45e-09
 4.28983e+18	9.34e-01	6.61e-02	2.55e-09
 4.29164e+18	9.36e-01	6.36e-02	2.65e-09
 4.29344e+18	9.39e-01	6.11e-02	2.77e-09
 4.29525e+18	9.41e-01	5.88e-02	2.88e-09
 4.29706e+18	9.44e-01	5.65e-02	3.00e-09
 4.29885e+18	9.46e-01	5.43e-02	3.13e-09
 4.30063e+18	9.48e-01	5.22e-02	3.26e-09
 4.30240e+18	9.50e-01	5.02e-02	3.40e-09
 4.30416e+18	9.52e-01	4.83e-02	3.55e-09
 4.30593e+18	9.54e-01	4.65e-02	3.71e-09
 4.30768e+18	9.55e-01	4.47e-02	3.89e-09
 4.30942e+18	9.57e-01	4.30e-02	4.08e-09
 4.31115e+18	9.59e-01	4.13e-02	4.28e-09
 4.31287e+18	9.60e-01	3.97e-02	4.50e-09
 4.31459e+18	9.62e-01	3.82e-02	4.75e-09
 4.31630e+18	9.63e-01	3.68e-02	5.02e-09
 4.31798e+18	9.65e-01	3.53e-02	5.32e-09
 4.31966e+18	9.66e-01	3.40e-02	5.65e-09
 4.32131e+18	9.67e-01	3.27e-02	6.01e-09
 4.32295e+18	9.69e-01	3.15e-02	6.44e-09
 4.32458e+18	9.70e-01	3.02e-02	6.93e-09
 4.32620e+18	9.71e-01	2.91e-02	7.50e-09
 4.32779e+18	9.72e-01	2.79e-02	8.15e-09
 4.32936e+18	9.73e-01	2.68e-02	8.92e-09
 4.33091e+18	9.74e-01	2.58e-02	9.79e-09
 4.33243e+18	9.75e-01	2.48e-02	1.08e-08
 4.33394e+18	9.76e-01	2.38e-02	1.20e-08
 4.33542e+18	9.77e-01	2.28e-02	1.34e-08
 4.33688e+18	9.78e-01	2.19e-02	1.49e-08
 4.33828e+18	9.79e-01	2.11e-02	1.67e-08
 4.33963e+18	9.80e-01	2.02e-02	1.85e-08
 4.34095e+18	9.81e-01	1.95e-02	2.06e-08
