#depth	O	O+	O+2	O+3	O+4	O+5	O+6	O+7	O+8	O[1]	O[2]	O[3]
 4.23646e+13	1.85e-04	5.11e-01	4.89e-01	2.86e-05	0.00e+00	0.00e+00	0.00e+00	0.00e+00	0.00e+00	1.82e-04	1.35e-06	1.49e-06
 2.54187e+14	1.85e-04	5.11e-01	4.89e-01	2.84e-05	0.00e+00	0.00e+00	0.00e+00	0.00e+00	0.00e+00	1.82e-04	1.35e-06	1.49e-06
 1.10148e+15	1.87e-04	5.12e-01	4.87e-01	2.78e-05	0.00e+00	0.00e+00	0.00e+00	0.00e+00	0.00e+00	1.84e-04	1.36e-06	1.51e-06
 4.49065e+15	1.93e-04	5.17e-01	4.82e-01	2.54e-05	0.00e+00	0.00e+00	0.00e+00	0.00e+00	0.00e+00	1.90e-04	1.41e-06	1.56e-06
 1.07267e+16	2.03e-04	5.26e-01	4.74e-01	2.21e-05	0.00e+00	0.00e+00	0.00e+00	0.00e+00	0.00e+00	2.00e-04	1.47e-06	1.63e-06
 1.88336e+16	2.18e-04	5.37e-01	4.63e-01	1.83e-05	0.00e+00	0.00e+00	0.00e+00	0.00e+00	0.00e+00	2.14e-04	1.56e-06	1.73e-06
 2.93725e+16	2.37e-04	5.51e-01	4.49e-01	1.43e-05	0.00e+00	0.00e+00	0.00e+00	0.00e+00	0.00e+00	2.34e-04	1.68e-06	1.86e-06
 4.30732e+16	2.66e-04	5.70e-01	4.30e-01	1.04e-05	0.00e+00	0.00e+00	0.00e+00	0.00e+00	0.00e+00	2.62e-04	1.85e-06	2.04e-06
 5.99249e+16	3.03e-04	5.91e-01	4.08e-01	7.03e-06	0.00e+00	0.00e+00	0.00e+00	0.00e+00	0.00e+00	2.98e-04	2.07e-06	2.29e-06
 7.85049e+16	3.47e-04	6.14e-01	3.85e-01	4.57e-06	0.00e+00	0.00e+00	0.00e+00	0.00e+00	0.00e+00	3.42e-04	2.34e-06	2.58e-06
 9.78281e+16	3.97e-04	6.37e-01	3.62e-01	2.92e-06	0.00e+00	0.00e+00	0.00e+00	0.00e+00	0.00e+00	3.92e-04	2.65e-06	2.91e-06
 1.17924e+17	4.55e-04	6.60e-01	3.39e-01	1.83e-06	0.00e+00	0.00e+00	0.00e+00	0.00e+00	0.00e+00	4.48e-04	2.99e-06	3.28e-06
 1.38824e+17	5.20e-04	6.83e-01	3.17e-01	1.13e-06	0.00e+00	0.00e+00	0.00e+00	0.00e+00	0.00e+00	5.13e-04	3.38e-06	3.70e-06
 1.60560e+17	5.93e-04	7.05e-01	2.94e-01	6.82e-07	0.00e+00	0.00e+00	0.00e+00	0.00e+00	0.00e+00	5.85e-04	3.81e-06	4.17e-06
 1.83166e+17	6.77e-04	7.27e-01	2.72e-01	4.06e-07	0.00e+00	0.00e+00	0.00e+00	0.00e+00	0.00e+00	6.68e-04	4.30e-06	4.70e-06
 2.06675e+17	7.71e-04	7.49e-01	2.51e-01	2.37e-07	0.00e+00	0.00e+00	0.00e+00	0.00e+00	0.00e+00	7.61e-04	4.85e-06	5.28e-06
 2.31125e+17	8.78e-04	7.70e-01	2.30e-01	1.36e-07	0.00e+00	0.00e+00	0.00e+00	0.00e+00	0.00e+00	8.67e-04	5.46e-06	5.94e-06
 2.55941e+17	9.96e-04	7.89e-01	2.10e-01	0.00e+00	0.00e+00	0.00e+00	0.00e+00	0.00e+00	0.00e+00	9.83e-04	6.13e-06	6.65e-06
 2.80603e+17	1.12e-03	8.08e-01	1.91e-01	0.00e+00	0.00e+00	0.00e+00	0.00e+00	0.00e+00	0.00e+00	1.11e-03	6.85e-06	7.41e-06
 3.06865e+17	1.27e-03	8.26e-01	1.72e-01	0.00e+00	0.00e+00	0.00e+00	0.00e+00	0.00e+00	0.00e+00	1.26e-03	7.68e-06	8.29e-06
 3.34380e+17	1.44e-03	8.44e-01	1.55e-01	0.00e+00	0.00e+00	0.00e+00	0.00e+00	0.00e+00	0.00e+00	1.42e-03	8.60e-06	9.26e-06
 3.60785e+17	1.61e-03	8.60e-01	1.39e-01	0.00e+00	0.00e+00	0.00e+00	0.00e+00	0.00e+00	0.00e+00	1.59e-03	9.56e-06	1.03e-05
 3.89189e+17	1.82e-03	8.75e-01	1.23e-01	0.00e+00	0.00e+00	0.00e+00	0.00e+00	0.00e+00	0.00e+00	1.80e-03	1.07e-05	1.15e-05
 4.19324e+17	2.06e-03	8.90e-01	1.08e-01	0.00e+00	0.00e+00	0.00e+00	0.00e+00	0.00e+00	0.00e+00	2.04e-03	1.20e-05	1.28e-05
 4.46837e+17	2.30e-03	9.03e-01	9.48e-02	0.00e+00	0.00e+00	0.00e+00	0.00e+00	0.00e+00	0.00e+00	2.28e-03	1.33e-05	1.41e-05
 4.72623e+17	2.55e-03	9.14e-01	8.37e-02	0.00e+00	0.00e+00	0.00e+00	0.00e+00	0.00e+00	0.00e+00	2.52e-03	1.46e-05	1.55e-05
 5.02162e+17	2.87e-03	9.25e-01	7.21e-02	0.00e+00	0.00e+00	0.00e+00	0.00e+00	0.00e+00	0.00e+00	2.84e-03	1.63e-05	1.73e-05
 5.34123e+17	3.25e-03	9.36e-01	6.08e-02	0.00e+00	0.00e+00	0.00e+00	0.00e+00	0.00e+00	0.00e+00	3.21e-03	1.83e-05	1.94e-05
 5.62255e+17	3.62e-03	9.45e-01	5.17e-02	0.00e+00	0.00e+00	0.00e+00	0.00e+00	0.00e+00	0.00e+00	3.58e-03	2.03e-05	2.14e-05
 5.87635e+17	3.99e-03	9.52e-01	4.42e-02	0.00e+00	0.00e+00	0.00e+00	0.00e+00	0.00e+00	0.00e+00	3.95e-03	2.23e-05	2.35e-05
 6.16416e+17	4.48e-03	9.59e-01	3.65e-02	0.00e+00	0.00e+00	0.00e+00	0.00e+00	0.00e+00	0.00e+00	4.43e-03	2.49e-05	2.62e-05
 6.47765e+17	5.07e-03	9.66e-01	2.90e-02	0.00e+00	0.00e+00	0.00e+00	0.00e+00	0.00e+00	0.00e+00	5.01e-03	2.81e-05	2.95e-05
 6.75602e+17	5.67e-03	9.71e-01	2.29e-02	0.00e+00	0.00e+00	0.00e+00	0.00e+00	0.00e+00	0.00e+00	5.61e-03	3.13e-05	3.28e-05
 6.96492e+17	6.17e-03	9.75e-01	1.87e-02	0.00e+00	0.00e+00	0.00e+00	0.00e+00	0.00e+00	0.00e+00	6.10e-03	3.40e-05	3.55e-05
 7.10737e+17	6.55e-03	9.77e-01	1.61e-02	0.00e+00	0.00e+00	0.00e+00	0.00e+00	0.00e+00	0.00e+00	6.47e-03	3.60e-05	3.76e-05
 7.24793e+17	6.95e-03	9.79e-01	1.36e-02	0.00e+00	0.00e+00	0.00e+00	0.00e+00	0.00e+00	0.00e+00	6.87e-03	3.82e-05	3.99e-05
 7.40132e+17	7.43e-03	9.81e-01	1.11e-02	0.00e+00	0.00e+00	0.00e+00	0.00e+00	0.00e+00	0.00e+00	7.35e-03	4.08e-05	4.26e-05
 7.53155e+17	7.84e-03	9.83e-01	9.10e-03	0.00e+00	0.00e+00	0.00e+00	0.00e+00	0.00e+00	0.00e+00	7.76e-03	4.30e-05	4.50e-05
 7.63373e+17	8.21e-03	9.84e-01	7.61e-03	0.00e+00	0.00e+00	0.00e+00	0.00e+00	0.00e+00	0.00e+00	8.12e-03	4.50e-05	4.70e-05
 7.72274e+17	8.53e-03	9.85e-01	6.41e-03	0.00e+00	0.00e+00	0.00e+00	0.00e+00	0.00e+00	0.00e+00	8.43e-03	4.67e-05	4.88e-05
 7.82187e+17	8.93e-03	9.86e-01	5.18e-03	0.00e+00	0.00e+00	0.00e+00	0.00e+00	0.00e+00	0.00e+00	8.83e-03	4.88e-05	5.10e-05
 7.92568e+17	9.35e-03	9.87e-01	4.01e-03	0.00e+00	0.00e+00	0.00e+00	0.00e+00	0.00e+00	0.00e+00	9.25e-03	5.11e-05	5.33e-05
 8.01050e+17	9.70e-03	9.87e-01	3.15e-03	0.00e+00	0.00e+00	0.00e+00	0.00e+00	0.00e+00	0.00e+00	9.59e-03	5.29e-05	5.52e-05
 8.08200e+17	1.00e-02	9.87e-01	2.53e-03	0.00e+00	0.00e+00	0.00e+00	0.00e+00	0.00e+00	0.00e+00	9.89e-03	5.45e-05	5.69e-05
 8.16127e+17	1.04e-02	9.88e-01	1.94e-03	0.00e+00	0.00e+00	0.00e+00	0.00e+00	0.00e+00	0.00e+00	1.03e-02	5.64e-05	5.88e-05
 8.26431e+17	1.09e-02	9.88e-01	1.35e-03	0.00e+00	0.00e+00	0.00e+00	0.00e+00	0.00e+00	0.00e+00	1.08e-02	5.91e-05	6.16e-05
 8.38001e+17	1.15e-02	9.88e-01	8.66e-04	0.00e+00	0.00e+00	0.00e+00	0.00e+00	0.00e+00	0.00e+00	1.14e-02	6.24e-05	6.49e-05
 8.51217e+17	1.23e-02	9.87e-01	5.16e-04	0.00e+00	0.00e+00	0.00e+00	0.00e+00	0.00e+00	0.00e+00	1.22e-02	6.65e-05	6.91e-05
 8.68398e+17	1.35e-02	9.86e-01	2.62e-04	0.00e+00	0.00e+00	0.00e+00	0.00e+00	0.00e+00	0.00e+00	1.34e-02	7.31e-05	7.60e-05
 8.90733e+17	1.55e-02	9.84e-01	1.09e-04	0.00e+00	0.00e+00	0.00e+00	0.00e+00	0.00e+00	0.00e+00	1.53e-02	8.36e-05	8.69e-05
 9.14184e+17	1.81e-02	9.82e-01	4.27e-05	0.00e+00	0.00e+00	0.00e+00	0.00e+00	0.00e+00	0.00e+00	1.79e-02	9.76e-05	1.02e-04
 9.33439e+17	2.08e-02	9.79e-01	2.01e-05	0.00e+00	0.00e+00	0.00e+00	0.00e+00	0.00e+00	0.00e+00	2.06e-02	1.13e-04	1.18e-04
 9.49668e+17	2.36e-02	9.76e-01	1.07e-05	0.00e+00	0.00e+00	0.00e+00	0.00e+00	0.00e+00	0.00e+00	2.34e-02	1.28e-04	1.35e-04
 9.67612e+17	2.76e-02	9.72e-01	5.29e-06	0.00e+00	0.00e+00	0.00e+00	0.00e+00	0.00e+00	0.00e+00	2.73e-02	1.50e-04	1.58e-04
 9.87893e+17	3.35e-02	9.67e-01	2.38e-06	0.00e+00	0.00e+00	0.00e+00	0.00e+00	0.00e+00	0.00e+00	3.31e-02	1.82e-04	1.93e-04
 1.00721e+18	4.14e-02	9.59e-01	1.09e-06	0.00e+00	0.00e+00	0.00e+00	0.00e+00	0.00e+00	0.00e+00	4.09e-02	2.25e-04	2.40e-04
 1.02417e+18	5.13e-02	9.49e-01	5.42e-07	0.00e+00	0.00e+00	0.00e+00	0.00e+00	0.00e+00	0.00e+00	5.07e-02	2.80e-04	2.99e-04
 1.03848e+18	6.31e-02	9.37e-01	2.92e-07	0.00e+00	0.00e+00	0.00e+00	0.00e+00	0.00e+00	0.00e+00	6.24e-02	3.44e-04	3.70e-04
 1.04919e+18	7.56e-02	9.24e-01	1.81e-07	0.00e+00	0.00e+00	0.00e+00	0.00e+00	0.00e+00	0.00e+00	7.47e-02	4.10e-04	4.44e-04
 1.05656e+18	8.67e-02	9.13e-01	1.28e-07	0.00e+00	0.00e+00	0.00e+00	0.00e+00	0.00e+00	0.00e+00	8.58e-02	4.69e-04	5.10e-04
 1.06386e+18	1.00e-01	9.00e-01	8.77e-08	0.00e+00	0.00e+00	0.00e+00	0.00e+00	0.00e+00	0.00e+00	9.93e-02	5.40e-04	5.89e-04
 1.07186e+18	1.19e-01	8.81e-01	5.77e-08	0.00e+00	0.00e+00	0.00e+00	0.00e+00	0.00e+00	0.00e+00	1.18e-01	6.35e-04	6.95e-04
 1.07877e+18	1.41e-01	8.59e-01	3.93e-08	0.00e+00	0.00e+00	0.00e+00	0.00e+00	0.00e+00	0.00e+00	1.39e-01	7.41e-04	8.13e-04
 1.08427e+18	1.62e-01	8.38e-01	2.84e-08	0.00e+00	0.00e+00	0.00e+00	0.00e+00	0.00e+00	0.00e+00	1.61e-01	8.42e-04	9.26e-04
 1.08909e+18	1.86e-01	8.14e-01	2.09e-08	0.00e+00	0.00e+00	0.00e+00	0.00e+00	0.00e+00	0.00e+00	1.84e-01	9.47e-04	1.04e-03
 1.09450e+18	2.18e-01	7.82e-01	1.45e-08	0.00e+00	0.00e+00	0.00e+00	0.00e+00	0.00e+00	0.00e+00	2.16e-01	1.08e-03	1.19e-03
 1.10010e+18	2.60e-01	7.40e-01	9.73e-09	0.00e+00	0.00e+00	0.00e+00	0.00e+00	0.00e+00	0.00e+00	2.57e-01	1.24e-03	1.37e-03
 1.10479e+18	3.04e-01	6.96e-01	6.78e-09	0.00e+00	0.00e+00	0.00e+00	0.00e+00	0.00e+00	0.00e+00	3.01e-01	1.39e-03	1.54e-03
 1.10855e+18	3.47e-01	6.53e-01	5.00e-09	0.00e+00	0.00e+00	0.00e+00	0.00e+00	0.00e+00	0.00e+00	3.44e-01	1.52e-03	1.67e-03
 1.11132e+18	3.83e-01	6.17e-01	3.96e-09	0.00e+00	0.00e+00	0.00e+00	0.00e+00	0.00e+00	0.00e+00	3.79e-01	1.61e-03	1.77e-03
 1.11343e+18	4.12e-01	5.88e-01	3.30e-09	0.00e+00	0.00e+00	0.00e+00	0.00e+00	0.00e+00	0.00e+00	4.08e-01	1.67e-03	1.83e-03
 1.11525e+18	4.39e-01	5.61e-01	2.81e-09	0.00e+00	0.00e+00	0.00e+00	0.00e+00	0.00e+00	0.00e+00	4.36e-01	1.71e-03	1.88e-03
 1.11697e+18	4.66e-01	5.34e-01	2.41e-09	0.00e+00	0.00e+00	0.00e+00	0.00e+00	0.00e+00	0.00e+00	4.62e-01	1.75e-03	1.92e-03
 1.11858e+18	4.92e-01	5.08e-01	2.08e-09	0.00e+00	0.00e+00	0.00e+00	0.00e+00	0.00e+00	0.00e+00	4.88e-01	1.78e-03	1.95e-03
 1.12003e+18	5.17e-01	4.83e-01	1.82e-09	0.00e+00	0.00e+00	0.00e+00	0.00e+00	0.00e+00	0.00e+00	5.13e-01	1.80e-03	1.96e-03
 1.12133e+18	5.39e-01	4.61e-01	1.61e-09	0.00e+00	0.00e+00	0.00e+00	0.00e+00	0.00e+00	0.00e+00	5.36e-01	1.81e-03	1.97e-03
 1.12255e+18	5.61e-01	4.39e-01	1.44e-09	0.00e+00	0.00e+00	0.00e+00	0.00e+00	0.00e+00	0.00e+00	5.57e-01	1.82e-03	1.97e-03
 1.12369e+18	5.81e-01	4.19e-01	1.30e-09	0.00e+00	0.00e+00	0.00e+00	0.00e+00	0.00e+00	0.00e+00	5.77e-01	1.82e-03	1.96e-03
 1.12475e+18	5.99e-01	4.01e-01	1.18e-09	0.00e+00	0.00e+00	0.00e+00	0.00e+00	0.00e+00	0.00e+00	5.96e-01	1.81e-03	1.95e-03
 1.12561e+18	6.14e-01	3.86e-01	1.10e-09	0.00e+00	0.00e+00	0.00e+00	0.00e+00	0.00e+00	0.00e+00	6.10e-01	1.81e-03	1.94e-03
 1.12625e+18	6.25e-01	3.75e-01	1.04e-09	0.00e+00	0.00e+00	0.00e+00	0.00e+00	0.00e+00	0.00e+00	6.22e-01	1.80e-03	1.93e-03
 1.12686e+18	6.36e-01	3.64e-01	9.81e-10	0.00e+00	0.00e+00	0.00e+00	0.00e+00	0.00e+00	0.00e+00	6.32e-01	1.79e-03	1.91e-03
 1.12752e+18	6.48e-01	3.52e-01	9.24e-10	0.00e+00	0.00e+00	0.00e+00	0.00e+00	0.00e+00	0.00e+00	6.44e-01	1.78e-03	1.90e-03
 1.12821e+18	6.60e-01	3.40e-01	8.68e-10	0.00e+00	0.00e+00	0.00e+00	0.00e+00	0.00e+00	0.00e+00	6.57e-01	1.76e-03	1.88e-03
 1.12889e+18	6.72e-01	3.28e-01	8.17e-10	0.00e+00	0.00e+00	0.00e+00	0.00e+00	0.00e+00	0.00e+00	6.69e-01	1.75e-03	1.86e-03
 1.12952e+18	6.83e-01	3.17e-01	7.75e-10	0.00e+00	0.00e+00	0.00e+00	0.00e+00	0.00e+00	0.00e+00	6.79e-01	1.73e-03	1.84e-03
 1.13012e+18	6.94e-01	3.06e-01	7.35e-10	0.00e+00	0.00e+00	0.00e+00	0.00e+00	0.00e+00	0.00e+00	6.90e-01	1.72e-03	1.81e-03
 1.13070e+18	7.03e-01	2.97e-01	7.00e-10	0.00e+00	0.00e+00	0.00e+00	0.00e+00	0.00e+00	0.00e+00	7.00e-01	1.70e-03	1.79e-03
 1.13128e+18	7.13e-01	2.87e-01	6.66e-10	0.00e+00	0.00e+00	0.00e+00	0.00e+00	0.00e+00	0.00e+00	7.09e-01	1.68e-03	1.77e-03
 1.13185e+18	7.23e-01	2.77e-01	6.34e-10	0.00e+00	0.00e+00	0.00e+00	0.00e+00	0.00e+00	0.00e+00	7.19e-01	1.66e-03	1.75e-03
 1.13239e+18	7.31e-01	2.69e-01	6.06e-10	0.00e+00	0.00e+00	0.00e+00	0.00e+00	0.00e+00	0.00e+00	7.28e-01	1.65e-03	1.72e-03
 1.13293e+18	7.40e-01	2.60e-01	5.79e-10	0.00e+00	0.00e+00	0.00e+00	0.00e+00	0.00e+00	0.00e+00	7.37e-01	1.63e-03	1.70e-03
 1.13345e+18	7.48e-01	2.52e-01	5.55e-10	0.00e+00	0.00e+00	0.00e+00	0.00e+00	0.00e+00	0.00e+00	7.45e-01	1.61e-03	1.68e-03
 1.13396e+18	7.56e-01	2.44e-01	5.33e-10	0.00e+00	0.00e+00	0.00e+00	0.00e+00	0.00e+00	0.00e+00	7.53e-01	1.59e-03	1.65e-03
 1.13447e+18	7.64e-01	2.36e-01	5.11e-10	0.00e+00	0.00e+00	0.00e+00	0.00e+00	0.00e+00	0.00e+00	7.61e-01	1.57e-03	1.63e-03
 1.13495e+18	7.72e-01	2.28e-01	4.92e-10	0.00e+00	0.00e+00	0.00e+00	0.00e+00	0.00e+00	0.00e+00	7.68e-01	1.55e-03	1.60e-03
 1.13542e+18	7.79e-01	2.21e-01	4.74e-10	0.00e+00	0.00e+00	0.00e+00	0.00e+00	0.00e+00	0.00e+00	7.75e-01	1.53e-03	1.58e-03
 1.13589e+18	7.86e-01	2.14e-01	4.56e-10	0.00e+00	0.00e+00	0.00e+00	0.00e+00	0.00e+00	0.00e+00	7.83e-01	1.51e-03	1.55e-03
 1.13635e+18	7.92e-01	2.08e-01	4.40e-10	0.00e+00	0.00e+00	0.00e+00	0.00e+00	0.00e+00	0.00e+00	7.89e-01	1.49e-03	1.53e-03
 1.13679e+18	7.98e-01	2.02e-01	4.25e-10	0.00e+00	0.00e+00	0.00e+00	0.00e+00	0.00e+00	0.00e+00	7.95e-01	1.47e-03	1.51e-03
 1.13725e+18	8.05e-01	1.95e-01	4.11e-10	0.00e+00	0.00e+00	0.00e+00	0.00e+00	0.00e+00	0.00e+00	8.02e-01	1.45e-03	1.49e-03
 1.13771e+18	8.11e-01	1.89e-01	3.96e-10	0.00e+00	0.00e+00	0.00e+00	0.00e+00	0.00e+00	0.00e+00	8.08e-01	1.43e-03	1.46e-03
 1.13815e+18	8.17e-01	1.83e-01	3.84e-10	0.00e+00	0.00e+00	0.00e+00	0.00e+00	0.00e+00	0.00e+00	8.14e-01	1.41e-03	1.44e-03
 1.13857e+18	8.22e-01	1.78e-01	3.72e-10	0.00e+00	0.00e+00	0.00e+00	0.00e+00	0.00e+00	0.00e+00	8.20e-01	1.39e-03	1.42e-03
 1.13898e+18	8.28e-01	1.72e-01	3.61e-10	0.00e+00	0.00e+00	0.00e+00	0.00e+00	0.00e+00	0.00e+00	8.25e-01	1.38e-03	1.40e-03
 1.13940e+18	8.33e-01	1.67e-01	3.49e-10	0.00e+00	0.00e+00	0.00e+00	0.00e+00	0.00e+00	0.00e+00	8.31e-01	1.36e-03	1.37e-03
 1.13980e+18	8.38e-01	1.62e-01	3.40e-10	0.00e+00	0.00e+00	0.00e+00	0.00e+00	0.00e+00	0.00e+00	8.35e-01	1.34e-03	1.35e-03
 1.14021e+18	8.43e-01	1.57e-01	3.29e-10	0.00e+00	0.00e+00	0.00e+00	0.00e+00	0.00e+00	0.00e+00	8.41e-01	1.32e-03	1.33e-03
 1.14061e+18	8.48e-01	1.52e-01	3.20e-10	0.00e+00	0.00e+00	0.00e+00	0.00e+00	0.00e+00	0.00e+00	8.46e-01	1.30e-03	1.31e-03
 1.14101e+18	8.53e-01	1.47e-01	3.11e-10	0.00e+00	0.00e+00	0.00e+00	0.00e+00	0.00e+00	0.00e+00	8.50e-01	1.28e-03	1.29e-03
 1.14142e+18	8.58e-01	1.42e-01	3.02e-10	0.00e+00	0.00e+00	0.00e+00	0.00e+00	0.00e+00	0.00e+00	8.55e-01	1.26e-03	1.27e-03
 1.14183e+18	8.62e-01	1.38e-01	2.93e-10	0.00e+00	0.00e+00	0.00e+00	0.00e+00	0.00e+00	0.00e+00	8.60e-01	1.25e-03	1.25e-03
 1.14225e+18	8.67e-01	1.33e-01	2.85e-10	0.00e+00	0.00e+00	0.00e+00	0.00e+00	0.00e+00	0.00e+00	8.65e-01	1.23e-03	1.23e-03
 1.14267e+18	8.72e-01	1.28e-01	2.76e-10	0.00e+00	0.00e+00	0.00e+00	0.00e+00	0.00e+00	0.00e+00	8.69e-01	1.21e-03	1.21e-03
 1.14312e+18	8.76e-01	1.24e-01	2.67e-10	0.00e+00	0.00e+00	0.00e+00	0.00e+00	0.00e+00	0.00e+00	8.74e-01	1.19e-03	1.18e-03
 1.14360e+18	8.81e-01	1.19e-01	2.59e-10	0.00e+00	0.00e+00	0.00e+00	0.00e+00	0.00e+00	0.00e+00	8.79e-01	1.17e-03	1.16e-03
 1.14409e+18	8.86e-01	1.14e-01	2.50e-10	0.00e+00	0.00e+00	0.00e+00	0.00e+00	0.00e+00	0.00e+00	8.84e-01	1.15e-03	1.14e-03
 1.14457e+18	8.91e-01	1.09e-01	2.42e-10	0.00e+00	0.00e+00	0.00e+00	0.00e+00	0.00e+00	0.00e+00	8.89e-01	1.13e-03	1.12e-03
 1.14504e+18	8.96e-01	1.04e-01	2.34e-10	0.00e+00	0.00e+00	0.00e+00	0.00e+00	0.00e+00	0.00e+00	8.93e-01	1.11e-03	1.09e-03
 1.14551e+18	9.00e-01	1.00e-01	2.27e-10	0.00e+00	0.00e+00	0.00e+00	0.00e+00	0.00e+00	0.00e+00	8.98e-01	1.09e-03	1.07e-03
 1.14596e+18	9.04e-01	9.60e-02	2.20e-10	0.00e+00	0.00e+00	0.00e+00	0.00e+00	0.00e+00	0.00e+00	9.02e-01	1.07e-03	1.05e-03
 1.14641e+18	9.08e-01	9.19e-02	2.13e-10	0.00e+00	0.00e+00	0.00e+00	0.00e+00	0.00e+00	0.00e+00	9.06e-01	1.05e-03	1.03e-03
 1.14686e+18	9.12e-01	8.80e-02	2.07e-10	0.00e+00	0.00e+00	0.00e+00	0.00e+00	0.00e+00	0.00e+00	9.10e-01	1.04e-03	1.02e-03
 1.14729e+18	9.16e-01	8.43e-02	2.00e-10	0.00e+00	0.00e+00	0.00e+00	0.00e+00	0.00e+00	0.00e+00	9.14e-01	1.02e-03	9.97e-04
 1.14772e+18	9.19e-01	8.08e-02	1.94e-10	0.00e+00	0.00e+00	0.00e+00	0.00e+00	0.00e+00	0.00e+00	9.17e-01	1.00e-03	9.80e-04
 1.14813e+18	9.23e-01	7.75e-02	1.89e-10	0.00e+00	0.00e+00	0.00e+00	0.00e+00	0.00e+00	0.00e+00	9.21e-01	9.87e-04	9.64e-04
 1.14850e+18	9.26e-01	7.45e-02	1.84e-10	0.00e+00	0.00e+00	0.00e+00	0.00e+00	0.00e+00	0.00e+00	9.24e-01	9.73e-04	9.49e-04
 1.14885e+18	9.28e-01	7.18e-02	1.79e-10	0.00e+00	0.00e+00	0.00e+00	0.00e+00	0.00e+00	0.00e+00	9.26e-01	9.60e-04	9.36e-04
 1.14916e+18	9.31e-01	6.95e-02	1.75e-10	0.00e+00	0.00e+00	0.00e+00	0.00e+00	0.00e+00	0.00e+00	9.29e-01	9.49e-04	9.24e-04
 1.14944e+18	9.33e-01	6.73e-02	1.71e-10	0.00e+00	0.00e+00	0.00e+00	0.00e+00	0.00e+00	0.00e+00	9.31e-01	9.38e-04	9.13e-04
 1.14970e+18	9.35e-01	6.55e-02	1.68e-10	0.00e+00	0.00e+00	0.00e+00	0.00e+00	0.00e+00	0.00e+00	9.33e-01	9.29e-04	9.03e-04
 1.14994e+18	9.36e-01	6.38e-02	1.65e-10	0.00e+00	0.00e+00	0.00e+00	0.00e+00	0.00e+00	0.00e+00	9.34e-01	9.21e-04	8.95e-04
 1.15015e+18	9.38e-01	6.23e-02	1.62e-10	0.00e+00	0.00e+00	0.00e+00	0.00e+00	0.00e+00	0.00e+00	9.36e-01	9.12e-04	8.87e-04
 1.15039e+18	9.39e-01	6.07e-02	1.59e-10	0.00e+00	0.00e+00	0.00e+00	0.00e+00	0.00e+00	0.00e+00	9.38e-01	9.00e-04	8.78e-04
 1.15064e+18	9.41e-01	5.90e-02	1.56e-10	0.00e+00	0.00e+00	0.00e+00	0.00e+00	0.00e+00	0.00e+00	9.39e-01	8.89e-04	8.70e-04
 1.15087e+18	9.43e-01	5.75e-02	1.53e-10	0.00e+00	0.00e+00	0.00e+00	0.00e+00	0.00e+00	0.00e+00	9.41e-01	8.79e-04	8.62e-04
 1.15108e+18	9.44e-01	5.60e-02	1.50e-10	0.00e+00	0.00e+00	0.00e+00	0.00e+00	0.00e+00	0.00e+00	9.42e-01	8.69e-04	8.55e-04
 1.15127e+18	9.45e-01	5.48e-02	1.48e-10	0.00e+00	0.00e+00	0.00e+00	0.00e+00	0.00e+00	0.00e+00	9.43e-01	8.61e-04	8.48e-04
 1.15148e+18	9.46e-01	5.35e-02	1.45e-10	0.00e+00	0.00e+00	0.00e+00	0.00e+00	0.00e+00	0.00e+00	9.45e-01	8.52e-04	8.41e-04
 1.15171e+18	9.48e-01	5.21e-02	1.42e-10	0.00e+00	0.00e+00	0.00e+00	0.00e+00	0.00e+00	0.00e+00	9.46e-01	8.43e-04	8.34e-04
 1.15191e+18	9.49e-01	5.09e-02	1.40e-10	0.00e+00	0.00e+00	0.00e+00	0.00e+00	0.00e+00	0.00e+00	9.47e-01	8.35e-04	8.28e-04
 1.15210e+18	9.50e-01	4.97e-02	1.37e-10	0.00e+00	0.00e+00	0.00e+00	0.00e+00	0.00e+00	0.00e+00	9.49e-01	8.27e-04	8.22e-04
 1.15227e+18	9.51e-01	4.88e-02	1.35e-10	0.00e+00	0.00e+00	0.00e+00	0.00e+00	0.00e+00	0.00e+00	9.50e-01	8.21e-04	8.16e-04
 1.15246e+18	9.52e-01	4.77e-02	1.33e-10	0.00e+00	0.00e+00	0.00e+00	0.00e+00	0.00e+00	0.00e+00	9.51e-01	8.14e-04	8.11e-04
 1.15270e+18	9.54e-01	4.64e-02	1.30e-10	0.00e+00	0.00e+00	0.00e+00	0.00e+00	0.00e+00	0.00e+00	9.52e-01	8.06e-04	8.04e-04
 1.15296e+18	9.55e-01	4.50e-02	1.27e-10	0.00e+00	0.00e+00	0.00e+00	0.00e+00	0.00e+00	0.00e+00	9.53e-01	7.98e-04	7.97e-04
 1.15320e+18	9.56e-01	4.37e-02	1.24e-10	0.00e+00	0.00e+00	0.00e+00	0.00e+00	0.00e+00	0.00e+00	9.55e-01	7.90e-04	7.91e-04
 1.15342e+18	9.57e-01	4.26e-02	1.21e-10	0.00e+00	0.00e+00	0.00e+00	0.00e+00	0.00e+00	0.00e+00	9.56e-01	7.83e-04	7.85e-04
 1.15361e+18	9.58e-01	4.17e-02	1.19e-10	0.00e+00	0.00e+00	0.00e+00	0.00e+00	0.00e+00	0.00e+00	9.57e-01	7.77e-04	7.80e-04
 1.15383e+18	9.59e-01	4.05e-02	1.16e-10	0.00e+00	0.00e+00	0.00e+00	0.00e+00	0.00e+00	0.00e+00	9.58e-01	7.70e-04	7.74e-04
 1.15406e+18	9.61e-01	3.94e-02	1.13e-10	0.00e+00	0.00e+00	0.00e+00	0.00e+00	0.00e+00	0.00e+00	9.59e-01	7.64e-04	7.68e-04
 1.15428e+18	9.62e-01	3.84e-02	1.11e-10	0.00e+00	0.00e+00	0.00e+00	0.00e+00	0.00e+00	0.00e+00	9.60e-01	7.58e-04	7.63e-04
 1.15447e+18	9.62e-01	3.75e-02	1.09e-10	0.00e+00	0.00e+00	0.00e+00	0.00e+00	0.00e+00	0.00e+00	9.61e-01	7.52e-04	7.58e-04
 1.15465e+18	9.63e-01	3.67e-02	1.07e-10	0.00e+00	0.00e+00	0.00e+00	0.00e+00	0.00e+00	0.00e+00	9.62e-01	7.47e-04	7.53e-04
 1.15484e+18	9.64e-01	3.58e-02	1.04e-10	0.00e+00	0.00e+00	0.00e+00	0.00e+00	0.00e+00	0.00e+00	9.63e-01	7.42e-04	7.48e-04
 1.15505e+18	9.65e-01	3.50e-02	1.02e-10	0.00e+00	0.00e+00	0.00e+00	0.00e+00	0.00e+00	0.00e+00	9.64e-01	7.37e-04	7.43e-04
 1.15524e+18	9.66e-01	3.42e-02	9.99e-11	0.00e+00	0.00e+00	0.00e+00	0.00e+00	0.00e+00	0.00e+00	9.64e-01	7.31e-04	7.38e-04
 1.15541e+18	9.67e-01	3.35e-02	9.79e-11	0.00e+00	0.00e+00	0.00e+00	0.00e+00	0.00e+00	0.00e+00	9.65e-01	7.27e-04	7.34e-04
 1.15560e+18	9.67e-01	3.26e-02	9.56e-11	0.00e+00	0.00e+00	0.00e+00	0.00e+00	0.00e+00	0.00e+00	9.66e-01	7.21e-04	7.28e-04
 1.15580e+18	9.68e-01	3.18e-02	9.33e-11	0.00e+00	0.00e+00	0.00e+00	0.00e+00	0.00e+00	0.00e+00	9.67e-01	7.16e-04	7.23e-04
 1.15599e+18	9.69e-01	3.11e-02	9.12e-11	0.00e+00	0.00e+00	0.00e+00	0.00e+00	0.00e+00	0.00e+00	9.68e-01	7.11e-04	7.18e-04
 1.15616e+18	9.70e-01	3.04e-02	8.94e-11	0.00e+00	0.00e+00	0.00e+00	0.00e+00	0.00e+00	0.00e+00	9.68e-01	7.07e-04	7.14e-04
 1.15634e+18	9.70e-01	2.97e-02	8.72e-11	0.00e+00	0.00e+00	0.00e+00	0.00e+00	0.00e+00	0.00e+00	9.69e-01	7.02e-04	7.09e-04
 1.15654e+18	9.71e-01	2.89e-02	8.52e-11	0.00e+00	0.00e+00	0.00e+00	0.00e+00	0.00e+00	0.00e+00	9.70e-01	6.97e-04	7.04e-04
 1.15672e+18	9.72e-01	2.83e-02	8.33e-11	0.00e+00	0.00e+00	0.00e+00	0.00e+00	0.00e+00	0.00e+00	9.70e-01	6.93e-04	6.99e-04
 1.15689e+18	9.72e-01	2.77e-02	8.16e-11	0.00e+00	0.00e+00	0.00e+00	0.00e+00	0.00e+00	0.00e+00	9.71e-01	6.89e-04	6.95e-04
 1.15707e+18	9.73e-01	2.70e-02	7.97e-11	0.00e+00	0.00e+00	0.00e+00	0.00e+00	0.00e+00	0.00e+00	9.72e-01	6.84e-04	6.90e-04
 1.15727e+18	9.74e-01	2.63e-02	7.78e-11	0.00e+00	0.00e+00	0.00e+00	0.00e+00	0.00e+00	0.00e+00	9.72e-01	6.79e-04	6.85e-04
 1.15744e+18	9.74e-01	2.57e-02	7.61e-11	0.00e+00	0.00e+00	0.00e+00	0.00e+00	0.00e+00	0.00e+00	9.73e-01	6.75e-04	6.80e-04
 1.15761e+18	9.75e-01	2.52e-02	7.46e-11	0.00e+00	0.00e+00	0.00e+00	0.00e+00	0.00e+00	0.00e+00	9.73e-01	6.71e-04	6.76e-04
 1.15778e+18	9.75e-01	2.46e-02	7.29e-11	0.00e+00	0.00e+00	0.00e+00	0.00e+00	0.00e+00	0.00e+00	9.74e-01	6.67e-04	6.71e-04
 1.15798e+18	9.76e-01	2.40e-02	7.12e-11	0.00e+00	0.00e+00	0.00e+00	0.00e+00	0.00e+00	0.00e+00	9.75e-01	6.62e-04	6.66e-04
 1.15815e+18	9.77e-01	2.35e-02	6.97e-11	0.00e+00	0.00e+00	0.00e+00	0.00e+00	0.00e+00	0.00e+00	9.75e-01	6.58e-04	6.61e-04
 1.15834e+18	9.77e-01	2.29e-02	6.80e-11	0.00e+00	0.00e+00	0.00e+00	0.00e+00	0.00e+00	0.00e+00	9.76e-01	6.53e-04	6.56e-04
 1.15855e+18	9.78e-01	2.22e-02	6.62e-11	0.00e+00	0.00e+00	0.00e+00	0.00e+00	0.00e+00	0.00e+00	9.76e-01	6.49e-04	6.51e-04
 1.15874e+18	9.78e-01	2.17e-02	6.48e-11	0.00e+00	0.00e+00	0.00e+00	0.00e+00	0.00e+00	0.00e+00	9.77e-01	6.42e-04	6.45e-04
 1.15894e+18	9.79e-01	2.12e-02	6.33e-11	0.00e+00	0.00e+00	0.00e+00	0.00e+00	0.00e+00	0.00e+00	9.78e-01	6.34e-04	6.37e-04
 1.15921e+18	9.79e-01	2.05e-02	6.13e-11	0.00e+00	0.00e+00	0.00e+00	0.00e+00	0.00e+00	0.00e+00	9.78e-01	6.24e-04	6.28e-04
 1.15950e+18	9.80e-01	1.98e-02	5.94e-11	0.00e+00	0.00e+00	0.00e+00	0.00e+00	0.00e+00	0.00e+00	9.79e-01	6.13e-04	6.18e-04
 1.15976e+18	9.81e-01	1.92e-02	5.77e-11	0.00e+00	0.00e+00	0.00e+00	0.00e+00	0.00e+00	0.00e+00	9.80e-01	6.04e-04	6.09e-04
 1.16000e+18	9.81e-01	1.87e-02	5.62e-11	0.00e+00	0.00e+00	0.00e+00	0.00e+00	0.00e+00	0.00e+00	9.80e-01	5.96e-04	6.01e-04
 1.16022e+18	9.82e-01	1.82e-02	5.48e-11	0.00e+00	0.00e+00	0.00e+00	0.00e+00	0.00e+00	0.00e+00	9.81e-01	5.89e-04	5.92e-04
 1.16046e+18	9.82e-01	1.77e-02	5.34e-11	0.00e+00	0.00e+00	0.00e+00	0.00e+00	0.00e+00	0.00e+00	9.81e-01	5.80e-04	5.83e-04
 1.16071e+18	9.83e-01	1.72e-02	5.19e-11	0.00e+00	0.00e+00	0.00e+00	0.00e+00	0.00e+00	0.00e+00	9.82e-01	5.72e-04	5.74e-04
 1.16095e+18	9.83e-01	1.67e-02	5.05e-11	0.00e+00	0.00e+00	0.00e+00	0.00e+00	0.00e+00	0.00e+00	9.82e-01	5.64e-04	5.65e-04
 1.16120e+18	9.84e-01	1.62e-02	4.90e-11	0.00e+00	0.00e+00	0.00e+00	0.00e+00	0.00e+00	0.00e+00	9.83e-01	5.56e-04	5.56e-04
 1.16148e+18	9.84e-01	1.57e-02	4.75e-11	0.00e+00	0.00e+00	0.00e+00	0.00e+00	0.00e+00	0.00e+00	9.83e-01	5.47e-04	5.46e-04
 1.16173e+18	9.85e-01	1.52e-02	4.62e-11	0.00e+00	0.00e+00	0.00e+00	0.00e+00	0.00e+00	0.00e+00	9.84e-01	5.40e-04	5.38e-04
 1.16196e+18	9.85e-01	1.48e-02	4.50e-11	0.00e+00	0.00e+00	0.00e+00	0.00e+00	0.00e+00	0.00e+00	9.84e-01	5.33e-04	5.30e-04
 1.16222e+18	9.86e-01	1.44e-02	4.38e-11	0.00e+00	0.00e+00	0.00e+00	0.00e+00	0.00e+00	0.00e+00	9.85e-01	5.25e-04	5.21e-04
 1.16249e+18	9.86e-01	1.39e-02	4.25e-11	0.00e+00	0.00e+00	0.00e+00	0.00e+00	0.00e+00	0.00e+00	9.85e-01	5.18e-04	5.13e-04
 1.16273e+18	9.86e-01	1.35e-02	4.13e-11	0.00e+00	0.00e+00	0.00e+00	0.00e+00	0.00e+00	0.00e+00	9.85e-01	5.11e-04	5.05e-04
 1.16300e+18	9.87e-01	1.31e-02	4.01e-11	0.00e+00	0.00e+00	0.00e+00	0.00e+00	0.00e+00	0.00e+00	9.86e-01	5.02e-04	4.95e-04
 1.16330e+18	9.87e-01	1.26e-02	3.88e-11	0.00e+00	0.00e+00	0.00e+00	0.00e+00	0.00e+00	0.00e+00	9.86e-01	4.94e-04	4.86e-04
