#depth	He	He+	He+2
 5.24870e+13	4.16e-04	9.86e-01	1.36e-02
 3.14922e+14	4.16e-04	9.86e-01	1.36e-02
 1.36466e+15	4.17e-04	9.86e-01	1.35e-02
 5.56362e+15	4.20e-04	9.87e-01	1.30e-02
 1.32897e+16	4.25e-04	9.87e-01	1.27e-02
 2.33336e+16	4.32e-04	9.88e-01	1.19e-02
 3.63907e+16	4.42e-04	9.89e-01	1.07e-02
 5.33649e+16	4.54e-04	9.91e-01	9.01e-03
 7.54314e+16	4.71e-04	9.92e-01	7.03e-03
 1.04118e+17	4.93e-04	9.95e-01	4.97e-03
 1.41410e+17	5.22e-04	9.96e-01	3.09e-03
 1.89890e+17	5.60e-04	9.98e-01	1.65e-03
 2.47225e+17	6.07e-04	9.99e-01	7.79e-04
 3.08290e+17	6.58e-04	9.99e-01	3.57e-04
 3.71796e+17	7.14e-04	9.99e-01	1.63e-04
 4.37844e+17	7.76e-04	9.99e-01	7.57e-05
 5.06533e+17	8.42e-04	9.99e-01	3.59e-05
 5.77969e+17	9.15e-04	9.99e-01	1.76e-05
 6.52263e+17	9.94e-04	9.99e-01	8.93e-06
 7.29529e+17	1.08e-03	9.99e-01	4.71e-06
 8.07365e+17	1.17e-03	9.99e-01	2.62e-06
 8.88102e+17	1.27e-03	9.99e-01	1.50e-06
 9.74588e+17	1.39e-03	9.99e-01	8.58e-07
 1.06475e+18	1.51e-03	9.98e-01	5.01e-07
 1.15851e+18	1.65e-03	9.98e-01	2.96e-07
 1.25603e+18	1.80e-03	9.98e-01	1.76e-07
 1.34832e+18	1.95e-03	9.98e-01	1.11e-07
 1.43107e+18	2.09e-03	9.98e-01	7.47e-08
 1.52347e+18	2.27e-03	9.98e-01	4.82e-08
 1.62534e+18	2.47e-03	9.98e-01	3.10e-08
 1.71850e+18	2.66e-03	9.97e-01	2.12e-08
 1.80456e+18	2.85e-03	9.97e-01	1.52e-08
 1.90243e+18	3.09e-03	9.97e-01	1.07e-08
 2.00795e+18	3.36e-03	9.97e-01	7.67e-09
 2.10106e+18	3.62e-03	9.96e-01	5.97e-09
 2.18586e+18	3.87e-03	9.96e-01	4.90e-09
 2.28221e+18	4.19e-03	9.96e-01	4.05e-09
 2.38530e+18	4.56e-03	9.95e-01	3.48e-09
 2.47447e+18	4.90e-03	9.95e-01	3.15e-09
 2.55381e+18	5.23e-03	9.95e-01	2.94e-09
 2.64307e+18	5.66e-03	9.94e-01	2.77e-09
 2.73800e+18	6.14e-03	9.94e-01	2.66e-09
 2.81867e+18	6.59e-03	9.93e-01	2.60e-09
 2.88879e+18	7.03e-03	9.93e-01	2.57e-09
 2.96681e+18	7.59e-03	9.92e-01	2.54e-09
 3.04971e+18	8.23e-03	9.92e-01	2.54e-09
 3.11958e+18	8.84e-03	9.91e-01	2.54e-09
 3.17925e+18	9.42e-03	9.91e-01	2.56e-09
 3.24499e+18	1.02e-02	9.90e-01	2.57e-09
 3.31503e+18	1.10e-02	9.89e-01	2.61e-09
 3.37406e+18	1.19e-02	9.88e-01	2.64e-09
 3.42400e+18	1.27e-02	9.87e-01	2.67e-09
 3.47867e+18	1.37e-02	9.86e-01	2.72e-09
 3.53719e+18	1.50e-02	9.85e-01	2.77e-09
 3.58685e+18	1.62e-02	9.84e-01	2.83e-09
 3.62884e+18	1.74e-02	9.83e-01	2.88e-09
 3.67472e+18	1.90e-02	9.81e-01	2.94e-09
 3.72411e+18	2.09e-02	9.79e-01	3.03e-09
 3.76651e+18	2.30e-02	9.77e-01	3.11e-09
 3.80267e+18	2.51e-02	9.75e-01	3.23e-09
 3.83482e+18	2.73e-02	9.73e-01	3.33e-09
 3.86419e+18	2.97e-02	9.70e-01	3.43e-09
 3.89741e+18	3.30e-02	9.67e-01	3.56e-09
 3.93301e+18	3.73e-02	9.63e-01	3.70e-09
 3.96365e+18	4.21e-02	9.58e-01	3.90e-09
 3.98940e+18	4.72e-02	9.53e-01	4.23e-09
 4.01290e+18	5.30e-02	9.47e-01	4.53e-09
 4.03422e+18	5.95e-02	9.41e-01	4.84e-09
 4.05205e+18	6.63e-02	9.34e-01	5.28e-09
 4.06737e+18	7.35e-02	9.27e-01	5.72e-09
 4.08137e+18	8.13e-02	9.19e-01	6.21e-09
 4.09432e+18	9.01e-02	9.10e-01	6.84e-09
 4.10610e+18	9.99e-02	9.00e-01	7.54e-09
 4.11657e+18	1.10e-01	8.90e-01	8.24e-09
 4.12579e+18	1.21e-01	8.79e-01	9.61e-09
 4.13427e+18	1.33e-01	8.67e-01	1.09e-08
 4.14225e+18	1.46e-01	8.54e-01	1.23e-08
 4.14944e+18	1.59e-01	8.41e-01	1.43e-08
 4.15584e+18	1.73e-01	8.27e-01	1.65e-08
 4.16173e+18	1.87e-01	8.13e-01	1.93e-08
 4.16726e+18	2.02e-01	7.98e-01	2.30e-08
 4.17251e+18	2.18e-01	7.82e-01	2.72e-08
 4.17743e+18	2.34e-01	7.66e-01	3.27e-08
 4.18197e+18	2.50e-01	7.50e-01	3.90e-08
 4.18607e+18	2.65e-01	7.35e-01	4.65e-08
 4.18955e+18	2.78e-01	7.22e-01	5.43e-08
 4.19245e+18	2.90e-01	7.10e-01	6.20e-08
 4.19505e+18	3.00e-01	7.00e-01	7.03e-08
 4.19748e+18	3.10e-01	6.90e-01	7.88e-08
 4.19979e+18	3.20e-01	6.80e-01	8.84e-08
 4.20197e+18	3.29e-01	6.71e-01	9.84e-08
 4.20400e+18	3.38e-01	6.62e-01	1.09e-07
 4.20595e+18	3.47e-01	6.53e-01	1.19e-07
 4.20752e+18	3.53e-01	6.47e-01	1.29e-07
 4.20861e+18	3.57e-01	6.43e-01	1.36e-07
 4.20966e+18	3.62e-01	6.38e-01	1.42e-07
 4.21090e+18	3.68e-01	6.32e-01	1.50e-07
 4.21227e+18	3.75e-01	6.25e-01	1.60e-07
 4.21360e+18	3.81e-01	6.19e-01	1.70e-07
 4.21488e+18	3.87e-01	6.13e-01	1.79e-07
 4.21616e+18	3.93e-01	6.07e-01	1.90e-07
 4.21746e+18	4.00e-01	6.00e-01	2.00e-07
 4.21880e+18	4.06e-01	5.94e-01	2.12e-07
 4.22016e+18	4.13e-01	5.87e-01	2.23e-07
 4.22152e+18	4.20e-01	5.80e-01	2.36e-07
 4.22289e+18	4.27e-01	5.73e-01	2.48e-07
 4.22429e+18	4.34e-01	5.66e-01	2.61e-07
 4.22573e+18	4.42e-01	5.58e-01	2.75e-07
 4.22718e+18	4.49e-01	5.51e-01	2.89e-07
 4.22864e+18	4.57e-01	5.43e-01	3.03e-07
 4.23014e+18	4.65e-01	5.35e-01	3.18e-07
 4.23168e+18	4.74e-01	5.26e-01	3.33e-07
 4.23324e+18	4.82e-01	5.18e-01	3.49e-07
 4.23482e+18	4.91e-01	5.09e-01	3.65e-07
 4.23643e+18	5.01e-01	4.99e-01	3.82e-07
 4.23809e+18	5.10e-01	4.90e-01	3.98e-07
 4.23978e+18	5.20e-01	4.80e-01	4.15e-07
 4.24149e+18	5.31e-01	4.69e-01	4.31e-07
 4.24323e+18	5.41e-01	4.59e-01	4.49e-07
 4.24499e+18	5.51e-01	4.49e-01	4.66e-07
 4.24681e+18	5.62e-01	4.38e-01	4.84e-07
 4.24866e+18	5.73e-01	4.27e-01	5.01e-07
 4.25050e+18	5.84e-01	4.16e-01	5.18e-07
 4.25234e+18	5.95e-01	4.05e-01	5.35e-07
 4.25420e+18	6.06e-01	3.94e-01	5.51e-07
 4.25609e+18	6.18e-01	3.82e-01	5.67e-07
 4.25798e+18	6.29e-01	3.71e-01	5.84e-07
 4.25987e+18	6.40e-01	3.60e-01	5.99e-07
 4.26176e+18	6.51e-01	3.49e-01	6.14e-07
 4.26365e+18	6.62e-01	3.38e-01	6.28e-07
 4.26555e+18	6.73e-01	3.27e-01	6.42e-07
 4.26745e+18	6.84e-01	3.16e-01	6.56e-07
 4.26934e+18	6.94e-01	3.06e-01	6.70e-07
 4.27120e+18	7.05e-01	2.95e-01	6.81e-07
 4.27309e+18	7.15e-01	2.85e-01	6.94e-07
 4.27498e+18	7.25e-01	2.75e-01	7.05e-07
 4.27686e+18	7.35e-01	2.65e-01	7.16e-07
 4.27872e+18	7.44e-01	2.56e-01	7.27e-07
 4.28057e+18	7.53e-01	2.47e-01	7.38e-07
 4.28242e+18	7.63e-01	2.37e-01	7.46e-07
 4.28427e+18	7.71e-01	2.29e-01	7.56e-07
 4.28612e+18	7.80e-01	2.20e-01	7.64e-07
 4.28796e+18	7.88e-01	2.12e-01	7.73e-07
 4.28978e+18	7.96e-01	2.04e-01	7.79e-07
 4.29160e+18	8.04e-01	1.96e-01	7.87e-07
 4.29341e+18	8.12e-01	1.88e-01	7.93e-07
 4.29522e+18	8.19e-01	1.81e-01	8.00e-07
 4.29702e+18	8.26e-01	1.74e-01	8.04e-07
 4.29881e+18	8.33e-01	1.67e-01	8.10e-07
 4.30059e+18	8.40e-01	1.60e-01	8.13e-07
 4.30237e+18	8.46e-01	1.54e-01	8.18e-07
 4.30414e+18	8.52e-01	1.48e-01	8.21e-07
 4.30589e+18	8.58e-01	1.42e-01	8.24e-07
 4.30765e+18	8.64e-01	1.36e-01	8.26e-07
 4.30939e+18	8.69e-01	1.31e-01	8.29e-07
 4.31112e+18	8.75e-01	1.25e-01	8.29e-07
 4.31283e+18	8.80e-01	1.20e-01	8.31e-07
 4.31454e+18	8.85e-01	1.15e-01	8.31e-07
 4.31625e+18	8.89e-01	1.11e-01	8.31e-07
 4.31793e+18	8.94e-01	1.06e-01	8.31e-07
 4.31960e+18	8.98e-01	1.02e-01	8.30e-07
 4.32127e+18	9.02e-01	9.78e-02	8.28e-07
 4.32292e+18	9.06e-01	9.39e-02	8.26e-07
 4.32455e+18	9.10e-01	9.02e-02	8.24e-07
 4.32616e+18	9.13e-01	8.66e-02	8.21e-07
 4.32775e+18	9.17e-01	8.32e-02	8.17e-07
 4.32933e+18	9.20e-01	8.00e-02	8.13e-07
 4.33087e+18	9.23e-01	7.69e-02	8.09e-07
 4.33240e+18	9.26e-01	7.40e-02	8.04e-07
 4.33390e+18	9.29e-01	7.12e-02	7.99e-07
 4.33539e+18	9.31e-01	6.86e-02	7.93e-07
 4.33684e+18	9.34e-01	6.60e-02	7.86e-07
 4.33825e+18	9.36e-01	6.36e-02	7.79e-07
 4.33960e+18	9.39e-01	6.14e-02	7.71e-07
 4.34092e+18	9.41e-01	5.93e-02	7.63e-07
