#depth	H	H+	H2
 2.84142e+14	7.35e-06	1.00e+00	2.42e-20
 1.70485e+15	7.35e-06	1.00e+00	2.43e-20
 7.38769e+15	7.36e-06	1.00e+00	2.44e-20
 3.01190e+16	7.40e-06	1.00e+00	2.48e-20
 7.19447e+16	7.51e-06	1.00e+00	2.58e-20
 1.26318e+17	7.62e-06	1.00e+00	2.69e-20
 1.97003e+17	7.74e-06	1.00e+00	2.81e-20
 2.88894e+17	7.87e-06	1.00e+00	2.94e-20
 4.08353e+17	8.03e-06	1.00e+00	3.10e-20
 5.31652e+17	8.16e-06	1.00e+00	3.24e-20
 6.23659e+17	8.23e-06	1.00e+00	3.32e-20
 6.86561e+17	8.28e-06	1.00e+00	3.40e-20
 7.47914e+17	8.34e-06	1.00e+00	3.49e-20
 8.27673e+17	8.46e-06	1.00e+00	3.67e-20
 9.13888e+17	8.61e-06	1.00e+00	3.91e-20
 9.95953e+17	8.80e-06	1.00e+00	4.21e-20
 1.09010e+18	9.05e-06	1.00e+00	4.60e-20
 1.20325e+18	9.34e-06	1.00e+00	5.08e-20
 1.32784e+18	9.64e-06	1.00e+00	5.57e-20
 1.47588e+18	9.96e-06	1.00e+00	6.08e-20
 1.63724e+18	1.03e-05	1.00e+00	6.54e-20
 1.80096e+18	1.05e-05	1.00e+00	6.96e-20
 1.98106e+18	1.08e-05	1.00e+00	7.40e-20
 2.17916e+18	1.11e-05	1.00e+00	7.85e-20
 2.39708e+18	1.14e-05	1.00e+00	8.34e-20
 2.63679e+18	1.18e-05	1.00e+00	8.89e-20
 2.90047e+18	1.22e-05	1.00e+00	9.51e-20
 3.19051e+18	1.26e-05	1.00e+00	1.02e-19
 3.50956e+18	1.31e-05	1.00e+00	1.11e-19
 3.86052e+18	1.37e-05	1.00e+00	1.20e-19
 4.24657e+18	1.43e-05	1.00e+00	1.32e-19
 4.67123e+18	1.50e-05	1.00e+00	1.45e-19
 5.13835e+18	1.58e-05	1.00e+00	1.62e-19
 5.65219e+18	1.67e-05	1.00e+00	1.81e-19
 6.21741e+18	1.77e-05	1.00e+00	2.05e-19
 6.83915e+18	1.88e-05	1.00e+00	2.34e-19
 7.52306e+18	2.01e-05	1.00e+00	2.69e-19
 8.27537e+18	2.16e-05	1.00e+00	3.13e-19
 9.09870e+18	2.33e-05	1.00e+00	3.67e-19
 9.97440e+18	2.52e-05	1.00e+00	4.32e-19
 1.08851e+19	2.72e-05	1.00e+00	5.10e-19
 1.18323e+19	2.94e-05	1.00e+00	6.03e-19
 1.27572e+19	3.17e-05	1.00e+00	7.04e-19
 1.36409e+19	3.39e-05	1.00e+00	8.14e-19
 1.46201e+19	3.66e-05	1.00e+00	9.59e-19
 1.57167e+19	3.97e-05	1.00e+00	1.14e-18
 1.68200e+19	4.30e-05	1.00e+00	1.35e-18
 1.79674e+19	4.67e-05	1.00e+00	1.61e-18
 1.91978e+19	5.09e-05	1.00e+00	1.93e-18
 2.04775e+19	5.56e-05	1.00e+00	2.32e-18
 2.18083e+19	6.10e-05	1.00e+00	2.81e-18
 2.31924e+19	6.70e-05	1.00e+00	3.40e-18
 2.46319e+19	7.40e-05	1.00e+00	4.15e-18
 2.60972e+19	8.18e-05	1.00e+00	5.05e-18
 2.76212e+19	9.12e-05	1.00e+00	6.23e-18
 2.91879e+19	1.02e-04	1.00e+00	7.68e-18
 3.07106e+19	1.14e-04	1.00e+00	9.46e-18
 3.23442e+19	1.30e-04	1.00e+00	1.19e-17
 3.40455e+19	1.49e-04	1.00e+00	1.51e-17
 3.55916e+19	1.71e-04	1.00e+00	1.89e-17
 3.70325e+19	1.96e-04	1.00e+00	2.36e-17
 3.86684e+19	2.32e-04	1.00e+00	3.10e-17
 4.04004e+19	2.83e-04	1.00e+00	4.16e-17
 4.18512e+19	3.41e-04	1.00e+00	5.47e-17
 4.30863e+19	4.08e-04	1.00e+00	7.09e-17
 4.41293e+19	4.83e-04	1.00e+00	9.00e-17
 4.49466e+19	5.60e-04	9.99e-01	1.10e-16
 4.56567e+19	6.45e-04	9.99e-01	1.34e-16
 4.63427e+19	7.48e-04	9.99e-01	1.64e-16
 4.70056e+19	8.75e-04	9.99e-01	2.03e-16
 4.76096e+19	1.03e-03	9.99e-01	2.53e-16
 4.81352e+19	1.20e-03	9.99e-01	3.12e-16
 4.85121e+19	1.36e-03	9.99e-01	3.67e-16
 4.87419e+19	1.47e-03	9.99e-01	4.09e-16
 4.89617e+19	1.60e-03	9.98e-01	4.55e-16
 4.92475e+19	1.78e-03	9.98e-01	5.28e-16
 4.95295e+19	2.00e-03	9.98e-01	6.15e-16
 4.97334e+19	2.20e-03	9.98e-01	6.97e-16
 4.98911e+19	2.37e-03	9.98e-01	7.70e-16
 5.00624e+19	2.57e-03	9.97e-01	8.61e-16
 5.02508e+19	2.85e-03	9.97e-01	9.86e-16
 5.04147e+19	3.13e-03	9.97e-01	1.12e-15
 5.05483e+19	3.39e-03	9.97e-01	1.24e-15
 5.06700e+19	3.66e-03	9.96e-01	1.38e-15
 5.08088e+19	4.03e-03	9.96e-01	1.57e-15
 5.09519e+19	4.46e-03	9.96e-01	1.80e-15
 5.10647e+19	4.87e-03	9.95e-01	2.03e-15
 5.11557e+19	5.25e-03	9.95e-01	2.24e-15
 5.12541e+19	5.72e-03	9.94e-01	2.53e-15
 5.13603e+19	6.31e-03	9.94e-01	2.88e-15
 5.14509e+19	6.91e-03	9.93e-01	3.27e-15
 5.15258e+19	7.47e-03	9.93e-01	3.64e-15
 5.16059e+19	8.16e-03	9.92e-01	4.12e-15
 5.16915e+19	9.04e-03	9.91e-01	4.77e-15
 5.17634e+19	9.91e-03	9.90e-01	5.43e-15
 5.18226e+19	1.07e-02	9.89e-01	6.09e-15
 5.18867e+19	1.18e-02	9.88e-01	6.95e-15
 5.19562e+19	1.31e-02	9.87e-01	8.13e-15
 5.20160e+19	1.44e-02	9.86e-01	9.40e-15
 5.20664e+19	1.58e-02	9.84e-01	1.07e-14
 5.21212e+19	1.74e-02	9.83e-01	1.25e-14
 5.21797e+19	1.96e-02	9.80e-01	1.50e-14
 5.22284e+19	2.17e-02	9.78e-01	1.77e-14
 5.22681e+19	2.38e-02	9.76e-01	2.04e-14
 5.23108e+19	2.63e-02	9.74e-01	2.41e-14
 5.23571e+19	2.96e-02	9.70e-01	2.93e-14
 5.23970e+19	3.30e-02	9.67e-01	3.51e-14
 5.24303e+19	3.63e-02	9.64e-01	4.14e-14
 5.24662e+19	4.04e-02	9.60e-01	5.00e-14
 5.25054e+19	4.57e-02	9.54e-01	6.25e-14
 5.25395e+19	5.14e-02	9.49e-01	7.73e-14
 5.25684e+19	5.68e-02	9.43e-01	9.32e-14
 5.25997e+19	6.39e-02	9.36e-01	1.17e-13
 5.26341e+19	7.32e-02	9.27e-01	1.51e-13
 5.26613e+19	8.19e-02	9.18e-01	1.89e-13
 5.26799e+19	8.85e-02	9.12e-01	2.21e-13
 5.26984e+19	9.59e-02	9.04e-01	2.60e-13
 5.27225e+19	1.07e-01	8.93e-01	3.26e-13
 5.27462e+19	1.20e-01	8.80e-01	4.14e-13
 5.27634e+19	1.30e-01	8.70e-01	4.95e-13
 5.27775e+19	1.39e-01	8.61e-01	5.75e-13
 5.27934e+19	1.51e-01	8.49e-01	6.91e-13
 5.28109e+19	1.65e-01	8.35e-01	8.49e-13
 5.28266e+19	1.80e-01	8.20e-01	1.03e-12
 5.28407e+19	1.94e-01	8.06e-01	1.23e-12
 5.28542e+19	2.09e-01	7.91e-01	1.47e-12
 5.28696e+19	2.28e-01	7.72e-01	1.82e-12
 5.28858e+19	2.51e-01	7.49e-01	2.31e-12
 5.28991e+19	2.72e-01	7.28e-01	2.80e-12
 5.29107e+19	2.90e-01	7.10e-01	3.33e-12
 5.29238e+19	3.14e-01	6.86e-01	4.11e-12
 5.29383e+19	3.43e-01	6.57e-01	5.19e-12
 5.29512e+19	3.70e-01	6.30e-01	6.42e-12
 5.29627e+19	3.96e-01	6.04e-01	7.75e-12
 5.29742e+19	4.22e-01	5.78e-01	9.39e-12
 5.29856e+19	4.51e-01	5.49e-01	1.14e-11
 5.29957e+19	4.77e-01	5.23e-01	1.35e-11
 5.30046e+19	4.99e-01	5.01e-01	1.57e-11
 5.30130e+19	5.21e-01	4.79e-01	1.80e-11
 5.30211e+19	5.43e-01	4.57e-01	2.07e-11
 5.30275e+19	5.59e-01	4.41e-01	2.28e-11
 5.30317e+19	5.69e-01	4.31e-01	2.42e-11
 5.30360e+19	5.79e-01	4.21e-01	2.58e-11
 5.30414e+19	5.94e-01	4.06e-01	2.82e-11
 5.30467e+19	6.09e-01	3.91e-01	3.08e-11
 5.30512e+19	6.21e-01	3.79e-01	3.29e-11
 5.30553e+19	6.31e-01	3.69e-01	3.51e-11
 5.30599e+19	6.43e-01	3.57e-01	3.77e-11
 5.30647e+19	6.57e-01	3.43e-01	4.06e-11
 5.30691e+19	6.68e-01	3.32e-01	4.34e-11
 5.30732e+19	6.79e-01	3.21e-01	4.62e-11
 5.30774e+19	6.90e-01	3.10e-01	4.90e-11
 5.30818e+19	7.01e-01	2.99e-01	5.24e-11
 5.30862e+19	7.13e-01	2.87e-01	5.58e-11
 5.30902e+19	7.23e-01	2.77e-01	5.92e-11
 5.30942e+19	7.32e-01	2.68e-01	6.24e-11
 5.30984e+19	7.43e-01	2.57e-01	6.62e-11
 5.31026e+19	7.53e-01	2.47e-01	7.00e-11
 5.31066e+19	7.62e-01	2.38e-01	7.41e-11
 5.31105e+19	7.71e-01	2.29e-01	7.77e-11
 5.31145e+19	7.80e-01	2.20e-01	8.19e-11
 5.31185e+19	7.89e-01	2.11e-01	8.61e-11
 5.31225e+19	7.98e-01	2.02e-01	9.06e-11
 5.31264e+19	8.06e-01	1.94e-01	9.47e-11
 5.31302e+19	8.13e-01	1.87e-01	9.91e-11
 5.31341e+19	8.21e-01	1.79e-01	1.04e-10
 5.31380e+19	8.29e-01	1.71e-01	1.09e-10
 5.31417e+19	8.36e-01	1.64e-01	1.13e-10
 5.31453e+19	8.42e-01	1.58e-01	1.17e-10
 5.31490e+19	8.49e-01	1.51e-01	1.22e-10
 5.31527e+19	8.55e-01	1.45e-01	1.27e-10
 5.31563e+19	8.61e-01	1.39e-01	1.32e-10
 5.31597e+19	8.67e-01	1.33e-01	1.36e-10
 5.31631e+19	8.72e-01	1.28e-01	1.41e-10
 5.31666e+19	8.77e-01	1.23e-01	1.46e-10
 5.31700e+19	8.82e-01	1.18e-01	1.50e-10
 5.31733e+19	8.87e-01	1.13e-01	1.55e-10
 5.31765e+19	8.92e-01	1.08e-01	1.59e-10
 5.31797e+19	8.96e-01	1.04e-01	1.64e-10
 5.31830e+19	9.00e-01	9.98e-02	1.69e-10
 5.31861e+19	9.04e-01	9.58e-02	1.73e-10
 5.31892e+19	9.08e-01	9.21e-02	1.78e-10
 5.31922e+19	9.11e-01	8.85e-02	1.82e-10
 5.31953e+19	9.15e-01	8.51e-02	1.86e-10
 5.31984e+19	9.18e-01	8.16e-02	1.91e-10
 5.32013e+19	9.22e-01	7.85e-02	1.95e-10
 5.32043e+19	9.25e-01	7.55e-02	2.00e-10
 5.32072e+19	9.27e-01	7.26e-02	2.04e-10
 5.32101e+19	9.30e-01	6.98e-02	2.09e-10
 5.32130e+19	9.33e-01	6.71e-02	2.13e-10
 5.32158e+19	9.36e-01	6.45e-02	2.17e-10
 5.32186e+19	9.38e-01	6.21e-02	2.21e-10
 5.32214e+19	9.40e-01	5.97e-02	2.25e-10
 5.32242e+19	9.43e-01	5.74e-02	2.29e-10
 5.32270e+19	9.45e-01	5.52e-02	2.33e-10
 5.32297e+19	9.47e-01	5.32e-02	2.37e-10
 5.32324e+19	9.49e-01	5.12e-02	2.41e-10
 5.32351e+19	9.51e-01	4.92e-02	2.45e-10
 5.32378e+19	9.53e-01	4.74e-02	2.49e-10
 5.32405e+19	9.54e-01	4.57e-02	2.52e-10
 5.32431e+19	9.56e-01	4.39e-02	2.56e-10
 5.32458e+19	9.58e-01	4.23e-02	2.60e-10
 5.32484e+19	9.59e-01	4.07e-02	2.64e-10
 5.32510e+19	9.61e-01	3.92e-02	2.67e-10
 5.32536e+19	9.62e-01	3.78e-02	2.70e-10
 5.32562e+19	9.64e-01	3.64e-02	2.73e-10
 5.32588e+19	9.65e-01	3.50e-02	2.77e-10
 5.32614e+19	9.66e-01	3.38e-02	2.80e-10
 5.32639e+19	9.67e-01	3.25e-02	2.83e-10
 5.32665e+19	9.69e-01	3.14e-02	2.86e-10
 5.32690e+19	9.70e-01	3.02e-02	2.89e-10
 5.32716e+19	9.71e-01	2.91e-02	2.92e-10
 5.32741e+19	9.72e-01	2.80e-02	2.95e-10
 5.32766e+19	9.73e-01	2.70e-02	2.98e-10
 5.32791e+19	9.74e-01	2.60e-02	3.00e-10
 5.32816e+19	9.75e-01	2.51e-02	3.03e-10
 5.32841e+19	9.76e-01	2.42e-02	3.05e-10
 5.32866e+19	9.77e-01	2.33e-02	3.07e-10
 5.32891e+19	9.78e-01	2.25e-02	3.10e-10
 5.32916e+19	9.78e-01	2.17e-02	3.12e-10
 5.32940e+19	9.79e-01	2.09e-02	3.14e-10
 5.32965e+19	9.80e-01	2.01e-02	3.15e-10
 5.32990e+19	9.81e-01	1.94e-02	3.17e-10
