#depth	H	H+	H2
 4.57164e+13	3.70e-04	1.00e+00	9.75e-15
 2.74298e+14	3.71e-04	1.00e+00	9.78e-15
 1.18863e+15	3.72e-04	1.00e+00	9.84e-15
 4.84594e+15	3.77e-04	1.00e+00	1.01e-14
 1.15754e+16	3.86e-04	1.00e+00	1.06e-14
 2.03237e+16	3.97e-04	1.00e+00	1.11e-14
 3.16965e+16	4.12e-04	1.00e+00	1.19e-14
 4.64811e+16	4.33e-04	1.00e+00	1.30e-14
 6.57011e+16	4.61e-04	1.00e+00	1.45e-14
 8.88861e+16	4.95e-04	1.00e+00	1.65e-14
 1.14022e+17	5.34e-04	9.99e-01	1.88e-14
 1.40163e+17	5.76e-04	9.99e-01	2.14e-14
 1.67350e+17	6.21e-04	9.99e-01	2.44e-14
 1.95625e+17	6.71e-04	9.99e-01	2.79e-14
 2.25030e+17	7.25e-04	9.99e-01	3.19e-14
 2.55612e+17	7.84e-04	9.99e-01	3.66e-14
 2.87417e+17	8.48e-04	9.99e-01	4.19e-14
 3.20494e+17	9.19e-04	9.99e-01	4.82e-14
 3.54894e+17	9.96e-04	9.99e-01	5.55e-14
 3.90670e+17	1.08e-03	9.99e-01	6.40e-14
 4.27877e+17	1.18e-03	9.99e-01	7.40e-14
 4.66573e+17	1.28e-03	9.99e-01	8.63e-14
 5.06816e+17	1.40e-03	9.99e-01	9.96e-14
 5.46454e+17	1.52e-03	9.98e-01	1.16e-13
 5.83667e+17	1.64e-03	9.98e-01	1.31e-13
 6.24583e+17	1.79e-03	9.98e-01	1.53e-13
 6.68802e+17	1.97e-03	9.98e-01	1.78e-13
 7.09009e+17	2.14e-03	9.98e-01	2.05e-13
 7.46020e+17	2.32e-03	9.98e-01	2.33e-13
 7.87873e+17	2.55e-03	9.97e-01	2.72e-13
 8.33186e+17	2.82e-03	9.97e-01	3.18e-13
 8.72994e+17	3.09e-03	9.97e-01	3.66e-13
 9.08409e+17	3.36e-03	9.97e-01	4.16e-13
 9.48118e+17	3.72e-03	9.96e-01	4.83e-13
 9.90964e+17	4.16e-03	9.96e-01	5.67e-13
 1.02815e+18	4.60e-03	9.95e-01	6.53e-13
 1.06051e+18	5.05e-03	9.95e-01	7.42e-13
 1.09631e+18	5.64e-03	9.94e-01	8.64e-13
 1.13475e+18	6.38e-03	9.94e-01	1.02e-12
 1.16768e+18	7.16e-03	9.93e-01	1.17e-12
 1.19582e+18	7.96e-03	9.92e-01	1.34e-12
 1.22034e+18	8.78e-03	9.91e-01	1.51e-12
 1.24188e+18	9.61e-03	9.90e-01	1.69e-12
 1.26093e+18	1.05e-02	9.90e-01	1.87e-12
 1.27678e+18	1.13e-02	9.89e-01	2.05e-12
 1.29055e+18	1.21e-02	9.88e-01	2.21e-12
 1.30334e+18	1.29e-02	9.87e-01	2.39e-12
 1.31542e+18	1.37e-02	9.86e-01	2.58e-12
 1.32656e+18	1.46e-02	9.85e-01	2.78e-12
 1.33671e+18	1.54e-02	9.85e-01	2.97e-12
 1.34611e+18	1.63e-02	9.84e-01	3.17e-12
 1.35510e+18	1.72e-02	9.83e-01	3.39e-12
 1.36393e+18	1.81e-02	9.82e-01	3.62e-12
 1.37406e+18	1.93e-02	9.81e-01	3.92e-12
 1.38516e+18	2.08e-02	9.79e-01	4.30e-12
 1.39576e+18	2.24e-02	9.78e-01	4.72e-12
 1.40774e+18	2.45e-02	9.75e-01	5.27e-12
 1.42332e+18	2.79e-02	9.72e-01	6.15e-12
 1.44357e+18	3.35e-02	9.66e-01	7.64e-12
 1.46617e+18	4.26e-02	9.57e-01	1.00e-11
 1.48552e+18	5.49e-02	9.45e-01	1.36e-11
 1.49796e+18	6.67e-02	9.33e-01	1.72e-11
 1.50519e+18	7.55e-02	9.24e-01	2.01e-11
 1.51200e+18	8.55e-02	9.15e-01	2.36e-11
 1.52087e+18	1.02e-01	8.98e-01	2.99e-11
 1.52984e+18	1.24e-01	8.76e-01	3.95e-11
 1.53654e+18	1.46e-01	8.54e-01	5.05e-11
 1.54156e+18	1.67e-01	8.33e-01	6.26e-11
 1.54684e+18	1.94e-01	8.06e-01	8.03e-11
 1.55263e+18	2.30e-01	7.70e-01	1.10e-10
 1.55779e+18	2.72e-01	7.28e-01	1.52e-10
 1.56179e+18	3.12e-01	6.88e-01	2.03e-10
 1.56456e+18	3.44e-01	6.56e-01	2.54e-10
 1.56664e+18	3.70e-01	6.30e-01	3.03e-10
 1.56852e+18	3.95e-01	6.05e-01	3.58e-10
 1.57034e+18	4.20e-01	5.80e-01	4.25e-10
 1.57203e+18	4.46e-01	5.54e-01	5.02e-10
 1.57358e+18	4.70e-01	5.30e-01	5.87e-10
 1.57497e+18	4.92e-01	5.08e-01	6.79e-10
 1.57623e+18	5.12e-01	4.88e-01	7.74e-10
 1.57738e+18	5.31e-01	4.69e-01	8.85e-10
 1.57830e+18	5.46e-01	4.54e-01	9.77e-10
 1.57899e+18	5.58e-01	4.42e-01	1.06e-09
 1.57965e+18	5.69e-01	4.31e-01	1.14e-09
 1.58039e+18	5.81e-01	4.19e-01	1.25e-09
 1.58117e+18	5.95e-01	4.05e-01	1.38e-09
 1.58191e+18	6.08e-01	3.92e-01	1.51e-09
 1.58261e+18	6.19e-01	3.81e-01	1.64e-09
 1.58332e+18	6.31e-01	3.69e-01	1.80e-09
 1.58404e+18	6.44e-01	3.56e-01	1.99e-09
 1.58474e+18	6.55e-01	3.45e-01	2.18e-09
 1.58543e+18	6.67e-01	3.33e-01	2.39e-09
 1.58612e+18	6.78e-01	3.22e-01	2.62e-09
 1.58681e+18	6.89e-01	3.11e-01	2.88e-09
 1.58750e+18	7.01e-01	2.99e-01	3.19e-09
 1.58817e+18	7.11e-01	2.89e-01	3.48e-09
 1.58884e+18	7.22e-01	2.78e-01	3.86e-09
 1.58952e+18	7.32e-01	2.68e-01	4.27e-09
 1.59018e+18	7.42e-01	2.58e-01	4.71e-09
 1.59083e+18	7.52e-01	2.48e-01	5.21e-09
 1.59149e+18	7.61e-01	2.39e-01	5.76e-09
 1.59215e+18	7.70e-01	2.30e-01	6.39e-09
 1.59280e+18	7.79e-01	2.21e-01	7.13e-09
 1.59343e+18	7.88e-01	2.12e-01	7.90e-09
 1.59406e+18	7.96e-01	2.04e-01	8.75e-09
 1.59467e+18	8.04e-01	1.96e-01	9.72e-09
 1.59529e+18	8.12e-01	1.88e-01	1.08e-08
 1.59589e+18	8.19e-01	1.81e-01	1.20e-08
 1.59648e+18	8.26e-01	1.74e-01	1.33e-08
 1.59706e+18	8.33e-01	1.67e-01	1.48e-08
 1.59764e+18	8.39e-01	1.61e-01	1.65e-08
 1.59821e+18	8.45e-01	1.55e-01	1.84e-08
 1.59876e+18	8.51e-01	1.49e-01	2.05e-08
 1.59931e+18	8.57e-01	1.43e-01	2.28e-08
 1.59984e+18	8.62e-01	1.38e-01	2.54e-08
 1.60036e+18	8.67e-01	1.33e-01	2.83e-08
 1.60088e+18	8.72e-01	1.28e-01	3.15e-08
 1.60138e+18	8.77e-01	1.23e-01	3.50e-08
 1.60188e+18	8.81e-01	1.19e-01	3.90e-08
 1.60237e+18	8.86e-01	1.14e-01	4.33e-08
 1.60286e+18	8.90e-01	1.10e-01	4.82e-08
 1.60334e+18	8.94e-01	1.06e-01	5.35e-08
 1.60382e+18	8.98e-01	1.02e-01	5.95e-08
 1.60431e+18	9.02e-01	9.84e-02	6.61e-08
 1.60479e+18	9.05e-01	9.47e-02	7.33e-08
 1.60528e+18	9.09e-01	9.11e-02	8.13e-08
 1.60577e+18	9.13e-01	8.74e-02	9.00e-08
 1.60625e+18	9.16e-01	8.40e-02	9.90e-08
 1.60673e+18	9.19e-01	8.07e-02	1.08e-07
 1.60720e+18	9.22e-01	7.75e-02	1.17e-07
 1.60766e+18	9.26e-01	7.45e-02	1.25e-07
 1.60811e+18	9.28e-01	7.16e-02	1.33e-07
 1.60856e+18	9.31e-01	6.87e-02	1.40e-07
 1.60900e+18	9.34e-01	6.60e-02	1.45e-07
 1.60943e+18	9.37e-01	6.34e-02	1.49e-07
 1.60984e+18	9.39e-01	6.10e-02	1.51e-07
 1.61022e+18	9.41e-01	5.88e-02	1.53e-07
 1.61057e+18	9.43e-01	5.67e-02	1.53e-07
 1.61089e+18	9.45e-01	5.49e-02	1.53e-07
 1.61119e+18	9.47e-01	5.32e-02	1.53e-07
 1.61148e+18	9.48e-01	5.15e-02	1.53e-07
 1.61175e+18	9.50e-01	5.01e-02	1.52e-07
 1.61199e+18	9.51e-01	4.88e-02	1.51e-07
 1.61221e+18	9.52e-01	4.75e-02	1.51e-07
 1.61241e+18	9.54e-01	4.64e-02	1.51e-07
 1.61260e+18	9.55e-01	4.55e-02	1.51e-07
 1.61276e+18	9.55e-01	4.46e-02	1.51e-07
 1.61292e+18	9.56e-01	4.38e-02	1.51e-07
 1.61305e+18	9.57e-01	4.31e-02	1.51e-07
 1.61321e+18	9.58e-01	4.23e-02	1.51e-07
 1.61337e+18	9.59e-01	4.15e-02	1.51e-07
 1.61352e+18	9.59e-01	4.07e-02	1.51e-07
 1.61365e+18	9.60e-01	4.01e-02	1.52e-07
 1.61380e+18	9.61e-01	3.93e-02	1.52e-07
 1.61396e+18	9.61e-01	3.86e-02	1.53e-07
 1.61411e+18	9.62e-01	3.79e-02	1.54e-07
 1.61424e+18	9.63e-01	3.73e-02	1.55e-07
 1.61436e+18	9.63e-01	3.67e-02	1.55e-07
 1.61449e+18	9.64e-01	3.61e-02	1.56e-07
 1.61463e+18	9.64e-01	3.55e-02	1.57e-07
 1.61479e+18	9.65e-01	3.49e-02	1.58e-07
 1.61496e+18	9.66e-01	3.42e-02	1.60e-07
 1.61511e+18	9.66e-01	3.35e-02	1.61e-07
 1.61525e+18	9.67e-01	3.30e-02	1.62e-07
 1.61541e+18	9.68e-01	3.24e-02	1.64e-07
 1.61557e+18	9.68e-01	3.17e-02	1.65e-07
 1.61572e+18	9.69e-01	3.12e-02	1.67e-07
 1.61586e+18	9.69e-01	3.07e-02	1.69e-07
 1.61601e+18	9.70e-01	3.01e-02	1.71e-07
 1.61617e+18	9.70e-01	2.95e-02	1.73e-07
 1.61632e+18	9.71e-01	2.90e-02	1.75e-07
 1.61645e+18	9.71e-01	2.85e-02	1.77e-07
 1.61660e+18	9.72e-01	2.80e-02	1.80e-07
 1.61676e+18	9.73e-01	2.75e-02	1.82e-07
 1.61690e+18	9.73e-01	2.70e-02	1.85e-07
 1.61703e+18	9.73e-01	2.65e-02	1.88e-07
 1.61715e+18	9.74e-01	2.61e-02	1.90e-07
 1.61728e+18	9.74e-01	2.57e-02	1.93e-07
 1.61743e+18	9.75e-01	2.52e-02	1.96e-07
 1.61755e+18	9.75e-01	2.49e-02	1.98e-07
 1.61770e+18	9.76e-01	2.44e-02	2.02e-07
 1.61785e+18	9.76e-01	2.39e-02	2.05e-07
 1.61799e+18	9.76e-01	2.35e-02	2.08e-07
 1.61811e+18	9.77e-01	2.32e-02	2.11e-07
 1.61825e+18	9.77e-01	2.27e-02	2.15e-07
 1.61840e+18	9.78e-01	2.23e-02	2.19e-07
 1.61853e+18	9.78e-01	2.20e-02	2.22e-07
 1.61868e+18	9.78e-01	2.15e-02	2.26e-07
 1.61884e+18	9.79e-01	2.11e-02	2.30e-07
 1.61899e+18	9.79e-01	2.08e-02	2.34e-07
 1.61912e+18	9.80e-01	2.04e-02	2.37e-07
 1.61927e+18	9.80e-01	2.01e-02	2.40e-07
 1.61946e+18	9.80e-01	1.97e-02	2.44e-07
