#depth	O	O+	O+2	O+3	O+4	O+5	O+6	O+7	O+8	O[1]	O[2]	O[3]
 1.55697e+14	2.47e-09	3.05e-04	5.58e-01	4.34e-01	7.72e-03	1.38e-06	0.00e+00	0.00e+00	0.00e+00	2.41e-09	3.25e-11	3.48e-11
 9.34181e+14	2.48e-09	3.06e-04	5.59e-01	4.33e-01	7.68e-03	1.37e-06	0.00e+00	0.00e+00	0.00e+00	2.41e-09	3.25e-11	3.48e-11
 4.04812e+15	2.49e-09	3.08e-04	5.62e-01	4.30e-01	7.58e-03	1.35e-06	0.00e+00	0.00e+00	0.00e+00	2.42e-09	3.27e-11	3.50e-11
 1.65039e+16	2.53e-09	3.15e-04	5.74e-01	4.18e-01	7.21e-03	1.27e-06	0.00e+00	0.00e+00	0.00e+00	2.46e-09	3.32e-11	3.55e-11
 3.94225e+16	2.57e-09	3.25e-04	5.91e-01	4.02e-01	6.66e-03	1.16e-06	0.00e+00	0.00e+00	0.00e+00	2.50e-09	3.35e-11	3.59e-11
 6.92166e+16	2.66e-09	3.39e-04	6.13e-01	3.81e-01	6.00e-03	1.03e-06	0.00e+00	0.00e+00	0.00e+00	2.59e-09	3.43e-11	3.69e-11
 1.07949e+17	2.78e-09	3.58e-04	6.43e-01	3.52e-01	5.20e-03	8.70e-07	0.00e+00	0.00e+00	0.00e+00	2.71e-09	3.56e-11	3.84e-11
 1.58301e+17	2.97e-09	3.84e-04	6.82e-01	3.13e-01	4.25e-03	6.86e-07	0.00e+00	0.00e+00	0.00e+00	2.89e-09	3.76e-11	4.07e-11
 2.23759e+17	3.22e-09	4.20e-04	7.35e-01	2.62e-01	3.15e-03	4.86e-07	0.00e+00	0.00e+00	0.00e+00	3.14e-09	4.03e-11	4.37e-11
 3.08854e+17	3.56e-09	4.66e-04	8.01e-01	1.97e-01	1.99e-03	2.86e-07	0.00e+00	0.00e+00	0.00e+00	3.47e-09	4.39e-11	4.77e-11
 3.94747e+17	3.88e-09	5.11e-04	8.63e-01	1.36e-01	1.13e-03	1.50e-07	0.00e+00	0.00e+00	0.00e+00	3.78e-09	4.70e-11	5.13e-11
 4.62065e+17	4.10e-09	5.44e-04	9.03e-01	9.55e-02	6.67e-04	0.00e+00	0.00e+00	0.00e+00	0.00e+00	4.00e-09	4.92e-11	5.38e-11
 5.29963e+17	4.30e-09	5.73e-04	9.33e-01	6.57e-02	3.74e-04	0.00e+00	0.00e+00	0.00e+00	0.00e+00	4.19e-09	5.13e-11	5.61e-11
 6.18230e+17	4.54e-09	6.04e-04	9.59e-01	4.04e-02	1.73e-04	0.00e+00	0.00e+00	0.00e+00	0.00e+00	4.43e-09	5.36e-11	5.87e-11
 7.32978e+17	4.86e-09	6.38e-04	9.77e-01	2.21e-02	6.49e-05	0.00e+00	0.00e+00	0.00e+00	0.00e+00	4.74e-09	5.65e-11	6.21e-11
 8.81772e+17	5.28e-09	6.75e-04	9.88e-01	1.11e-02	1.98e-05	0.00e+00	0.00e+00	0.00e+00	0.00e+00	5.15e-09	6.05e-11	6.66e-11
 1.07483e+18	5.87e-09	7.17e-04	9.94e-01	5.18e-03	4.89e-06	0.00e+00	0.00e+00	0.00e+00	0.00e+00	5.73e-09	6.61e-11	7.27e-11
 1.32580e+18	6.69e-09	7.67e-04	9.97e-01	2.18e-03	9.39e-07	0.00e+00	0.00e+00	0.00e+00	0.00e+00	6.54e-09	7.37e-11	8.12e-11
 1.64089e+18	7.86e-09	8.31e-04	9.98e-01	8.35e-04	1.42e-07	0.00e+00	0.00e+00	0.00e+00	0.00e+00	7.68e-09	8.43e-11	9.30e-11
 1.99431e+18	9.33e-09	9.03e-04	9.99e-01	3.26e-04	0.00e+00	0.00e+00	0.00e+00	0.00e+00	0.00e+00	9.13e-09	9.74e-11	1.07e-10
 2.28320e+18	1.07e-08	9.64e-04	9.99e-01	1.71e-04	0.00e+00	0.00e+00	0.00e+00	0.00e+00	0.00e+00	1.05e-08	1.09e-10	1.20e-10
 2.51152e+18	1.19e-08	1.01e-03	9.99e-01	1.10e-04	0.00e+00	0.00e+00	0.00e+00	0.00e+00	0.00e+00	1.16e-08	1.20e-10	1.32e-10
 2.76267e+18	1.33e-08	1.07e-03	9.99e-01	7.33e-05	0.00e+00	0.00e+00	0.00e+00	0.00e+00	0.00e+00	1.30e-08	1.32e-10	1.46e-10
 3.03894e+18	1.50e-08	1.13e-03	9.99e-01	5.16e-05	0.00e+00	0.00e+00	0.00e+00	0.00e+00	0.00e+00	1.47e-08	1.47e-10	1.62e-10
 3.34284e+18	1.72e-08	1.21e-03	9.99e-01	3.86e-05	0.00e+00	0.00e+00	0.00e+00	0.00e+00	0.00e+00	1.68e-08	1.66e-10	1.83e-10
 3.67712e+18	1.98e-08	1.29e-03	9.99e-01	3.05e-05	0.00e+00	0.00e+00	0.00e+00	0.00e+00	0.00e+00	1.94e-08	1.88e-10	2.07e-10
 4.04483e+18	2.30e-08	1.39e-03	9.99e-01	2.50e-05	0.00e+00	0.00e+00	0.00e+00	0.00e+00	0.00e+00	2.26e-08	2.15e-10	2.37e-10
 4.44931e+18	2.71e-08	1.50e-03	9.98e-01	2.11e-05	0.00e+00	0.00e+00	0.00e+00	0.00e+00	0.00e+00	2.66e-08	2.49e-10	2.75e-10
 4.89425e+18	3.23e-08	1.63e-03	9.98e-01	1.80e-05	0.00e+00	0.00e+00	0.00e+00	0.00e+00	0.00e+00	3.17e-08	2.92e-10	3.22e-10
 5.37374e+18	3.88e-08	1.77e-03	9.98e-01	1.55e-05	0.00e+00	0.00e+00	0.00e+00	0.00e+00	0.00e+00	3.80e-08	3.45e-10	3.80e-10
 5.87647e+18	4.67e-08	1.94e-03	9.98e-01	1.34e-05	0.00e+00	0.00e+00	0.00e+00	0.00e+00	0.00e+00	4.58e-08	4.09e-10	4.51e-10
 6.39931e+18	5.64e-08	2.11e-03	9.98e-01	1.17e-05	0.00e+00	0.00e+00	0.00e+00	0.00e+00	0.00e+00	5.54e-08	4.87e-10	5.36e-10
 6.94306e+18	6.82e-08	2.31e-03	9.98e-01	1.03e-05	0.00e+00	0.00e+00	0.00e+00	0.00e+00	0.00e+00	6.70e-08	5.82e-10	6.41e-10
 7.50856e+18	8.28e-08	2.53e-03	9.97e-01	9.04e-06	0.00e+00	0.00e+00	0.00e+00	0.00e+00	0.00e+00	8.13e-08	6.98e-10	7.68e-10
 8.09668e+18	1.01e-07	2.77e-03	9.97e-01	7.97e-06	0.00e+00	0.00e+00	0.00e+00	0.00e+00	0.00e+00	9.89e-08	8.39e-10	9.23e-10
 8.70833e+18	1.23e-07	3.03e-03	9.97e-01	7.04e-06	0.00e+00	0.00e+00	0.00e+00	0.00e+00	0.00e+00	1.21e-07	1.01e-09	1.11e-09
 9.34444e+18	1.50e-07	3.33e-03	9.97e-01	6.24e-06	0.00e+00	0.00e+00	0.00e+00	0.00e+00	0.00e+00	1.48e-07	1.23e-09	1.35e-09
 1.00060e+19	1.85e-07	3.65e-03	9.96e-01	5.53e-06	0.00e+00	0.00e+00	0.00e+00	0.00e+00	0.00e+00	1.81e-07	1.49e-09	1.64e-09
 1.06940e+19	2.28e-07	4.02e-03	9.96e-01	4.92e-06	0.00e+00	0.00e+00	0.00e+00	0.00e+00	0.00e+00	2.24e-07	1.83e-09	2.01e-09
 1.14096e+19	2.82e-07	4.42e-03	9.96e-01	4.38e-06	0.00e+00	0.00e+00	0.00e+00	0.00e+00	0.00e+00	2.77e-07	2.25e-09	2.47e-09
 1.21537e+19	3.52e-07	4.88e-03	9.95e-01	3.90e-06	0.00e+00	0.00e+00	0.00e+00	0.00e+00	0.00e+00	3.46e-07	2.78e-09	3.06e-09
 1.29277e+19	4.40e-07	5.39e-03	9.95e-01	3.48e-06	0.00e+00	0.00e+00	0.00e+00	0.00e+00	0.00e+00	4.33e-07	3.46e-09	3.80e-09
 1.37325e+19	5.57e-07	5.97e-03	9.94e-01	3.10e-06	0.00e+00	0.00e+00	0.00e+00	0.00e+00	0.00e+00	5.48e-07	4.35e-09	4.78e-09
 1.45696e+19	7.09e-07	6.63e-03	9.93e-01	2.77e-06	0.00e+00	0.00e+00	0.00e+00	0.00e+00	0.00e+00	6.97e-07	5.51e-09	6.06e-09
 1.54199e+19	9.06e-07	7.36e-03	9.93e-01	2.48e-06	0.00e+00	0.00e+00	0.00e+00	0.00e+00	0.00e+00	8.91e-07	7.00e-09	7.70e-09
 1.62626e+19	1.16e-06	8.16e-03	9.92e-01	2.23e-06	0.00e+00	0.00e+00	0.00e+00	0.00e+00	0.00e+00	1.14e-06	8.93e-09	9.83e-09
 1.71592e+19	1.52e-06	9.12e-03	9.91e-01	2.00e-06	0.00e+00	0.00e+00	0.00e+00	0.00e+00	0.00e+00	1.50e-06	1.17e-08	1.28e-08
 1.80858e+19	2.02e-06	1.02e-02	9.90e-01	1.79e-06	0.00e+00	0.00e+00	0.00e+00	0.00e+00	0.00e+00	1.99e-06	1.54e-08	1.70e-08
 1.89454e+19	2.66e-06	1.14e-02	9.89e-01	1.61e-06	0.00e+00	0.00e+00	0.00e+00	0.00e+00	0.00e+00	2.62e-06	2.02e-08	2.23e-08
 1.97600e+19	3.50e-06	1.27e-02	9.87e-01	1.46e-06	0.00e+00	0.00e+00	0.00e+00	0.00e+00	0.00e+00	3.44e-06	2.66e-08	2.92e-08
 2.05675e+19	4.68e-06	1.42e-02	9.86e-01	1.32e-06	0.00e+00	0.00e+00	0.00e+00	0.00e+00	0.00e+00	4.61e-06	3.54e-08	3.90e-08
 2.13420e+19	6.29e-06	1.59e-02	9.84e-01	1.19e-06	0.00e+00	0.00e+00	0.00e+00	0.00e+00	0.00e+00	6.19e-06	4.75e-08	5.22e-08
 2.20444e+19	8.46e-06	1.78e-02	9.82e-01	1.08e-06	0.00e+00	0.00e+00	0.00e+00	0.00e+00	0.00e+00	8.32e-06	6.38e-08	7.00e-08
 2.26654e+19	1.12e-05	1.98e-02	9.80e-01	9.81e-07	0.00e+00	0.00e+00	0.00e+00	0.00e+00	0.00e+00	1.11e-05	8.47e-08	9.30e-08
 2.32171e+19	1.48e-05	2.21e-02	9.78e-01	8.94e-07	0.00e+00	0.00e+00	0.00e+00	0.00e+00	0.00e+00	1.46e-05	1.12e-07	1.23e-07
 2.37213e+19	1.96e-05	2.45e-02	9.75e-01	8.12e-07	0.00e+00	0.00e+00	0.00e+00	0.00e+00	0.00e+00	1.93e-05	1.47e-07	1.62e-07
 2.41863e+19	2.61e-05	2.74e-02	9.73e-01	7.33e-07	0.00e+00	0.00e+00	0.00e+00	0.00e+00	0.00e+00	2.57e-05	1.96e-07	2.15e-07
 2.45324e+19	3.30e-05	3.00e-02	9.70e-01	6.76e-07	0.00e+00	0.00e+00	0.00e+00	0.00e+00	0.00e+00	3.25e-05	2.47e-07	2.71e-07
 2.47412e+19	3.84e-05	3.19e-02	9.68e-01	6.38e-07	0.00e+00	0.00e+00	0.00e+00	0.00e+00	0.00e+00	3.78e-05	2.88e-07	3.16e-07
 2.49375e+19	4.48e-05	3.39e-02	9.66e-01	6.03e-07	0.00e+00	0.00e+00	0.00e+00	0.00e+00	0.00e+00	4.41e-05	3.35e-07	3.68e-07
 2.51928e+19	5.52e-05	3.69e-02	9.63e-01	5.55e-07	0.00e+00	0.00e+00	0.00e+00	0.00e+00	0.00e+00	5.44e-05	4.13e-07	4.53e-07
 2.54449e+19	6.91e-05	4.04e-02	9.60e-01	5.08e-07	0.00e+00	0.00e+00	0.00e+00	0.00e+00	0.00e+00	6.80e-05	5.15e-07	5.66e-07
 2.56278e+19	8.24e-05	4.34e-02	9.56e-01	4.74e-07	0.00e+00	0.00e+00	0.00e+00	0.00e+00	0.00e+00	8.11e-05	6.14e-07	6.75e-07
 2.57706e+19	9.53e-05	4.61e-02	9.54e-01	4.46e-07	0.00e+00	0.00e+00	0.00e+00	0.00e+00	0.00e+00	9.38e-05	7.10e-07	7.81e-07
 2.59264e+19	1.13e-04	4.96e-02	9.50e-01	4.15e-07	0.00e+00	0.00e+00	0.00e+00	0.00e+00	0.00e+00	1.11e-04	8.41e-07	9.25e-07
 2.60968e+19	1.38e-04	5.39e-02	9.46e-01	3.81e-07	0.00e+00	0.00e+00	0.00e+00	0.00e+00	0.00e+00	1.35e-04	1.02e-06	1.13e-06
 2.62446e+19	1.65e-04	5.83e-02	9.42e-01	3.51e-07	0.00e+00	0.00e+00	0.00e+00	0.00e+00	0.00e+00	1.63e-04	1.23e-06	1.35e-06
 2.63660e+19	1.94e-04	6.25e-02	9.37e-01	3.26e-07	0.00e+00	0.00e+00	0.00e+00	0.00e+00	0.00e+00	1.91e-04	1.44e-06	1.59e-06
 2.64777e+19	2.27e-04	6.70e-02	9.33e-01	3.03e-07	0.00e+00	0.00e+00	0.00e+00	0.00e+00	0.00e+00	2.24e-04	1.69e-06	1.86e-06
 2.66054e+19	2.75e-04	7.29e-02	9.27e-01	2.76e-07	0.00e+00	0.00e+00	0.00e+00	0.00e+00	0.00e+00	2.71e-04	2.04e-06	2.25e-06
 2.67367e+19	3.40e-04	8.00e-02	9.20e-01	2.49e-07	0.00e+00	0.00e+00	0.00e+00	0.00e+00	0.00e+00	3.35e-04	2.51e-06	2.77e-06
 2.68395e+19	4.06e-04	8.66e-02	9.13e-01	2.28e-07	0.00e+00	0.00e+00	0.00e+00	0.00e+00	0.00e+00	4.00e-04	3.00e-06	3.31e-06
 2.69224e+19	4.73e-04	9.28e-02	9.07e-01	2.10e-07	0.00e+00	0.00e+00	0.00e+00	0.00e+00	0.00e+00	4.66e-04	3.49e-06	3.86e-06
 2.70125e+19	5.65e-04	1.01e-01	8.99e-01	1.92e-07	0.00e+00	0.00e+00	0.00e+00	0.00e+00	0.00e+00	5.56e-04	4.17e-06	4.60e-06
 2.71099e+19	6.91e-04	1.10e-01	8.89e-01	1.72e-07	0.00e+00	0.00e+00	0.00e+00	0.00e+00	0.00e+00	6.81e-04	5.10e-06	5.63e-06
 2.71932e+19	8.33e-04	1.20e-01	8.79e-01	1.55e-07	0.00e+00	0.00e+00	0.00e+00	0.00e+00	0.00e+00	8.20e-04	6.13e-06	6.78e-06
 2.72621e+19	9.81e-04	1.29e-01	8.70e-01	1.42e-07	0.00e+00	0.00e+00	0.00e+00	0.00e+00	0.00e+00	9.66e-04	7.22e-06	7.98e-06
 2.73361e+19	1.18e-03	1.41e-01	8.58e-01	1.26e-07	0.00e+00	0.00e+00	0.00e+00	0.00e+00	0.00e+00	1.17e-03	8.70e-06	9.63e-06
 2.74150e+19	1.46e-03	1.55e-01	8.43e-01	0.00e+00	0.00e+00	0.00e+00	0.00e+00	0.00e+00	0.00e+00	1.44e-03	1.07e-05	1.19e-05
 2.74809e+19	1.77e-03	1.70e-01	8.29e-01	0.00e+00	0.00e+00	0.00e+00	0.00e+00	0.00e+00	0.00e+00	1.75e-03	1.30e-05	1.44e-05
 2.75357e+19	2.10e-03	1.83e-01	8.15e-01	0.00e+00	0.00e+00	0.00e+00	0.00e+00	0.00e+00	0.00e+00	2.07e-03	1.54e-05	1.71e-05
 2.75951e+19	2.56e-03	2.00e-01	7.97e-01	0.00e+00	0.00e+00	0.00e+00	0.00e+00	0.00e+00	0.00e+00	2.52e-03	1.87e-05	2.07e-05
 2.76591e+19	3.20e-03	2.22e-01	7.75e-01	0.00e+00	0.00e+00	0.00e+00	0.00e+00	0.00e+00	0.00e+00	3.15e-03	2.34e-05	2.59e-05
 2.77137e+19	3.94e-03	2.43e-01	7.53e-01	0.00e+00	0.00e+00	0.00e+00	0.00e+00	0.00e+00	0.00e+00	3.88e-03	2.87e-05	3.18e-05
 2.77589e+19	4.74e-03	2.64e-01	7.31e-01	0.00e+00	0.00e+00	0.00e+00	0.00e+00	0.00e+00	0.00e+00	4.66e-03	3.44e-05	3.82e-05
 2.78006e+19	5.66e-03	2.86e-01	7.09e-01	0.00e+00	0.00e+00	0.00e+00	0.00e+00	0.00e+00	0.00e+00	5.58e-03	4.10e-05	4.56e-05
 2.78485e+19	7.02e-03	3.14e-01	6.79e-01	0.00e+00	0.00e+00	0.00e+00	0.00e+00	0.00e+00	0.00e+00	6.92e-03	5.08e-05	5.64e-05
 2.78981e+19	8.93e-03	3.47e-01	6.44e-01	0.00e+00	0.00e+00	0.00e+00	0.00e+00	0.00e+00	0.00e+00	8.80e-03	6.44e-05	7.16e-05
 2.79372e+19	1.10e-02	3.78e-01	6.11e-01	0.00e+00	0.00e+00	0.00e+00	0.00e+00	0.00e+00	0.00e+00	1.08e-02	7.87e-05	8.77e-05
 2.79683e+19	1.30e-02	4.05e-01	5.82e-01	0.00e+00	0.00e+00	0.00e+00	0.00e+00	0.00e+00	0.00e+00	1.28e-02	9.31e-05	1.04e-04
 2.80018e+19	1.57e-02	4.36e-01	5.48e-01	0.00e+00	0.00e+00	0.00e+00	0.00e+00	0.00e+00	0.00e+00	1.55e-02	1.12e-04	1.25e-04
 2.80388e+19	1.97e-02	4.74e-01	5.06e-01	0.00e+00	0.00e+00	0.00e+00	0.00e+00	0.00e+00	0.00e+00	1.94e-02	1.40e-04	1.56e-04
 2.80714e+19	2.42e-02	5.11e-01	4.65e-01	0.00e+00	0.00e+00	0.00e+00	0.00e+00	0.00e+00	0.00e+00	2.39e-02	1.71e-04	1.91e-04
 2.80984e+19	2.90e-02	5.43e-01	4.28e-01	0.00e+00	0.00e+00	0.00e+00	0.00e+00	0.00e+00	0.00e+00	2.86e-02	2.04e-04	2.27e-04
 2.81270e+19	3.53e-02	5.78e-01	3.86e-01	0.00e+00	0.00e+00	0.00e+00	0.00e+00	0.00e+00	0.00e+00	3.48e-02	2.46e-04	2.75e-04
 2.81580e+19	4.41e-02	6.17e-01	3.39e-01	0.00e+00	0.00e+00	0.00e+00	0.00e+00	0.00e+00	0.00e+00	4.34e-02	3.05e-04	3.40e-04
 2.81848e+19	5.40e-02	6.50e-01	2.96e-01	0.00e+00	0.00e+00	0.00e+00	0.00e+00	0.00e+00	0.00e+00	5.32e-02	3.70e-04	4.13e-04
 2.82074e+19	6.40e-02	6.75e-01	2.61e-01	0.00e+00	0.00e+00	0.00e+00	0.00e+00	0.00e+00	0.00e+00	6.31e-02	4.34e-04	4.85e-04
 2.82268e+19	7.45e-02	6.96e-01	2.30e-01	0.00e+00	0.00e+00	0.00e+00	0.00e+00	0.00e+00	0.00e+00	7.34e-02	5.00e-04	5.59e-04
 2.82434e+19	8.48e-02	7.11e-01	2.04e-01	0.00e+00	0.00e+00	0.00e+00	0.00e+00	0.00e+00	0.00e+00	8.36e-02	5.64e-04	6.31e-04
 2.82590e+19	9.60e-02	7.23e-01	1.81e-01	0.00e+00	0.00e+00	0.00e+00	0.00e+00	0.00e+00	0.00e+00	9.46e-02	6.31e-04	7.07e-04
 2.82744e+19	1.08e-01	7.33e-01	1.58e-01	0.00e+00	0.00e+00	0.00e+00	0.00e+00	0.00e+00	0.00e+00	1.07e-01	7.05e-04	7.89e-04
 2.82893e+19	1.22e-01	7.40e-01	1.38e-01	0.00e+00	0.00e+00	0.00e+00	0.00e+00	0.00e+00	0.00e+00	1.21e-01	7.85e-04	8.80e-04
 2.83034e+19	1.36e-01	7.44e-01	1.20e-01	0.00e+00	0.00e+00	0.00e+00	0.00e+00	0.00e+00	0.00e+00	1.34e-01	8.64e-04	9.69e-04
 2.83167e+19	1.52e-01	7.45e-01	1.04e-01	0.00e+00	0.00e+00	0.00e+00	0.00e+00	0.00e+00	0.00e+00	1.50e-01	9.48e-04	1.06e-03
 2.83295e+19	1.68e-01	7.43e-01	8.91e-02	0.00e+00	0.00e+00	0.00e+00	0.00e+00	0.00e+00	0.00e+00	1.66e-01	1.04e-03	1.16e-03
 2.83416e+19	1.84e-01	7.39e-01	7.70e-02	0.00e+00	0.00e+00	0.00e+00	0.00e+00	0.00e+00	0.00e+00	1.82e-01	1.12e-03	1.26e-03
 2.83550e+19	2.05e-01	7.31e-01	6.43e-02	0.00e+00	0.00e+00	0.00e+00	0.00e+00	0.00e+00	0.00e+00	2.02e-01	1.22e-03	1.37e-03
 2.83689e+19	2.28e-01	7.19e-01	5.28e-02	0.00e+00	0.00e+00	0.00e+00	0.00e+00	0.00e+00	0.00e+00	2.26e-01	1.33e-03	1.50e-03
 2.83801e+19	2.48e-01	7.07e-01	4.47e-02	0.00e+00	0.00e+00	0.00e+00	0.00e+00	0.00e+00	0.00e+00	2.45e-01	1.42e-03	1.60e-03
 2.83898e+19	2.67e-01	6.95e-01	3.83e-02	0.00e+00	0.00e+00	0.00e+00	0.00e+00	0.00e+00	0.00e+00	2.64e-01	1.50e-03	1.69e-03
 2.84009e+19	2.90e-01	6.78e-01	3.17e-02	0.00e+00	0.00e+00	0.00e+00	0.00e+00	0.00e+00	0.00e+00	2.86e-01	1.59e-03	1.79e-03
 2.84130e+19	3.17e-01	6.57e-01	2.56e-02	0.00e+00	0.00e+00	0.00e+00	0.00e+00	0.00e+00	0.00e+00	3.13e-01	1.69e-03	1.91e-03
 2.84236e+19	3.42e-01	6.37e-01	2.09e-02	0.00e+00	0.00e+00	0.00e+00	0.00e+00	0.00e+00	0.00e+00	3.39e-01	1.78e-03	2.01e-03
 2.84330e+19	3.65e-01	6.18e-01	1.74e-02	0.00e+00	0.00e+00	0.00e+00	0.00e+00	0.00e+00	0.00e+00	3.61e-01	1.85e-03	2.09e-03
 2.84435e+19	3.92e-01	5.94e-01	1.40e-02	0.00e+00	0.00e+00	0.00e+00	0.00e+00	0.00e+00	0.00e+00	3.88e-01	1.93e-03	2.18e-03
 2.84549e+19	4.24e-01	5.66e-01	1.08e-02	0.00e+00	0.00e+00	0.00e+00	0.00e+00	0.00e+00	0.00e+00	4.19e-01	2.00e-03	2.26e-03
 2.84652e+19	4.53e-01	5.39e-01	8.56e-03	0.00e+00	0.00e+00	0.00e+00	0.00e+00	0.00e+00	0.00e+00	4.48e-01	2.06e-03	2.33e-03
 2.84744e+19	4.79e-01	5.14e-01	6.86e-03	0.00e+00	0.00e+00	0.00e+00	0.00e+00	0.00e+00	0.00e+00	4.75e-01	2.11e-03	2.39e-03
 2.84835e+19	5.05e-01	4.89e-01	5.47e-03	0.00e+00	0.00e+00	0.00e+00	0.00e+00	0.00e+00	0.00e+00	5.01e-01	2.14e-03	2.43e-03
 2.84922e+19	5.31e-01	4.64e-01	4.37e-03	0.00e+00	0.00e+00	0.00e+00	0.00e+00	0.00e+00	0.00e+00	5.27e-01	2.17e-03	2.46e-03
 2.85002e+19	5.55e-01	4.41e-01	3.53e-03	0.00e+00	0.00e+00	0.00e+00	0.00e+00	0.00e+00	0.00e+00	5.50e-01	2.18e-03	2.47e-03
 2.85075e+19	5.77e-01	4.21e-01	2.89e-03	0.00e+00	0.00e+00	0.00e+00	0.00e+00	0.00e+00	0.00e+00	5.72e-01	2.19e-03	2.48e-03
 2.85131e+19	5.92e-01	4.05e-01	2.48e-03	0.00e+00	0.00e+00	0.00e+00	0.00e+00	0.00e+00	0.00e+00	5.88e-01	2.19e-03	2.48e-03
 2.85169e+19	6.02e-01	3.96e-01	2.24e-03	0.00e+00	0.00e+00	0.00e+00	0.00e+00	0.00e+00	0.00e+00	5.97e-01	2.19e-03	2.48e-03
 2.85208e+19	6.13e-01	3.85e-01	2.00e-03	0.00e+00	0.00e+00	0.00e+00	0.00e+00	0.00e+00	0.00e+00	6.08e-01	2.19e-03	2.48e-03
 2.85256e+19	6.27e-01	3.72e-01	1.74e-03	0.00e+00	0.00e+00	0.00e+00	0.00e+00	0.00e+00	0.00e+00	6.22e-01	2.18e-03	2.47e-03
 2.85305e+19	6.41e-01	3.57e-01	1.50e-03	0.00e+00	0.00e+00	0.00e+00	0.00e+00	0.00e+00	0.00e+00	6.37e-01	2.17e-03	2.46e-03
 2.85346e+19	6.53e-01	3.46e-01	1.33e-03	0.00e+00	0.00e+00	0.00e+00	0.00e+00	0.00e+00	0.00e+00	6.48e-01	2.16e-03	2.45e-03
 2.85384e+19	6.63e-01	3.36e-01	1.18e-03	0.00e+00	0.00e+00	0.00e+00	0.00e+00	0.00e+00	0.00e+00	6.59e-01	2.15e-03	2.44e-03
 2.85425e+19	6.75e-01	3.24e-01	1.03e-03	0.00e+00	0.00e+00	0.00e+00	0.00e+00	0.00e+00	0.00e+00	6.70e-01	2.13e-03	2.42e-03
 2.85468e+19	6.87e-01	3.12e-01	9.01e-04	0.00e+00	0.00e+00	0.00e+00	0.00e+00	0.00e+00	0.00e+00	6.82e-01	2.12e-03	2.40e-03
 2.85509e+19	6.99e-01	3.01e-01	7.88e-04	0.00e+00	0.00e+00	0.00e+00	0.00e+00	0.00e+00	0.00e+00	6.94e-01	2.10e-03	2.38e-03
 2.85548e+19	7.09e-01	2.90e-01	6.95e-04	0.00e+00	0.00e+00	0.00e+00	0.00e+00	0.00e+00	0.00e+00	7.04e-01	2.08e-03	2.36e-03
 2.85586e+19	7.19e-01	2.80e-01	6.11e-04	0.00e+00	0.00e+00	0.00e+00	0.00e+00	0.00e+00	0.00e+00	7.15e-01	2.06e-03	2.34e-03
 2.85626e+19	7.30e-01	2.70e-01	5.34e-04	0.00e+00	0.00e+00	0.00e+00	0.00e+00	0.00e+00	0.00e+00	7.25e-01	2.04e-03	2.31e-03
 2.85665e+19	7.41e-01	2.59e-01	4.65e-04	0.00e+00	0.00e+00	0.00e+00	0.00e+00	0.00e+00	0.00e+00	7.36e-01	2.01e-03	2.28e-03
 2.85704e+19	7.50e-01	2.49e-01	4.07e-04	0.00e+00	0.00e+00	0.00e+00	0.00e+00	0.00e+00	0.00e+00	7.46e-01	1.99e-03	2.25e-03
 2.85741e+19	7.59e-01	2.40e-01	3.57e-04	0.00e+00	0.00e+00	0.00e+00	0.00e+00	0.00e+00	0.00e+00	7.55e-01	1.96e-03	2.23e-03
 2.85779e+19	7.69e-01	2.31e-01	3.12e-04	0.00e+00	0.00e+00	0.00e+00	0.00e+00	0.00e+00	0.00e+00	7.65e-01	1.94e-03	2.20e-03
 2.85818e+19	7.78e-01	2.21e-01	2.71e-04	0.00e+00	0.00e+00	0.00e+00	0.00e+00	0.00e+00	0.00e+00	7.74e-01	1.91e-03	2.16e-03
 2.85855e+19	7.87e-01	2.13e-01	2.36e-04	0.00e+00	0.00e+00	0.00e+00	0.00e+00	0.00e+00	0.00e+00	7.83e-01	1.88e-03	2.13e-03
 2.85892e+19	7.95e-01	2.04e-01	2.06e-04	0.00e+00	0.00e+00	0.00e+00	0.00e+00	0.00e+00	0.00e+00	7.92e-01	1.85e-03	2.10e-03
 2.85928e+19	8.04e-01	1.96e-01	1.80e-04	0.00e+00	0.00e+00	0.00e+00	0.00e+00	0.00e+00	0.00e+00	8.00e-01	1.82e-03	2.07e-03
 2.85966e+19	8.12e-01	1.88e-01	1.56e-04	0.00e+00	0.00e+00	0.00e+00	0.00e+00	0.00e+00	0.00e+00	8.08e-01	1.79e-03	2.03e-03
 2.86003e+19	8.20e-01	1.80e-01	1.35e-04	0.00e+00	0.00e+00	0.00e+00	0.00e+00	0.00e+00	0.00e+00	8.16e-01	1.76e-03	2.00e-03
 2.86039e+19	8.27e-01	1.73e-01	1.18e-04	0.00e+00	0.00e+00	0.00e+00	0.00e+00	0.00e+00	0.00e+00	8.23e-01	1.73e-03	1.96e-03
 2.86074e+19	8.34e-01	1.66e-01	1.03e-04	0.00e+00	0.00e+00	0.00e+00	0.00e+00	0.00e+00	0.00e+00	8.31e-01	1.70e-03	1.93e-03
 2.86111e+19	8.42e-01	1.58e-01	8.88e-05	0.00e+00	0.00e+00	0.00e+00	0.00e+00	0.00e+00	0.00e+00	8.38e-01	1.67e-03	1.89e-03
 2.86148e+19	8.49e-01	1.51e-01	7.68e-05	0.00e+00	0.00e+00	0.00e+00	0.00e+00	0.00e+00	0.00e+00	8.45e-01	1.64e-03	1.86e-03
 2.86183e+19	8.55e-01	1.45e-01	6.68e-05	0.00e+00	0.00e+00	0.00e+00	0.00e+00	0.00e+00	0.00e+00	8.51e-01	1.61e-03	1.82e-03
 2.86217e+19	8.61e-01	1.39e-01	5.82e-05	0.00e+00	0.00e+00	0.00e+00	0.00e+00	0.00e+00	0.00e+00	8.58e-01	1.58e-03	1.79e-03
 2.86252e+19	8.67e-01	1.33e-01	5.05e-05	0.00e+00	0.00e+00	0.00e+00	0.00e+00	0.00e+00	0.00e+00	8.64e-01	1.56e-03	1.76e-03
 2.86287e+19	8.73e-01	1.27e-01	4.36e-05	0.00e+00	0.00e+00	0.00e+00	0.00e+00	0.00e+00	0.00e+00	8.70e-01	1.53e-03	1.73e-03
 2.86321e+19	8.78e-01	1.22e-01	3.80e-05	0.00e+00	0.00e+00	0.00e+00	0.00e+00	0.00e+00	0.00e+00	8.75e-01	1.50e-03	1.70e-03
 2.86354e+19	8.83e-01	1.17e-01	3.32e-05	0.00e+00	0.00e+00	0.00e+00	0.00e+00	0.00e+00	0.00e+00	8.80e-01	1.48e-03	1.67e-03
 2.86386e+19	8.88e-01	1.12e-01	2.90e-05	0.00e+00	0.00e+00	0.00e+00	0.00e+00	0.00e+00	0.00e+00	8.85e-01	1.45e-03	1.64e-03
 2.86419e+19	8.93e-01	1.07e-01	2.52e-05	0.00e+00	0.00e+00	0.00e+00	0.00e+00	0.00e+00	0.00e+00	8.90e-01	1.43e-03	1.61e-03
 2.86452e+19	8.97e-01	1.03e-01	2.19e-05	0.00e+00	0.00e+00	0.00e+00	0.00e+00	0.00e+00	0.00e+00	8.94e-01	1.40e-03	1.58e-03
 2.86483e+19	9.02e-01	9.83e-02	1.92e-05	0.00e+00	0.00e+00	0.00e+00	0.00e+00	0.00e+00	0.00e+00	8.99e-01	1.38e-03	1.56e-03
 2.86514e+19	9.06e-01	9.44e-02	1.69e-05	0.00e+00	0.00e+00	0.00e+00	0.00e+00	0.00e+00	0.00e+00	9.03e-01	1.36e-03	1.53e-03
 2.86545e+19	9.10e-01	9.04e-02	1.47e-05	0.00e+00	0.00e+00	0.00e+00	0.00e+00	0.00e+00	0.00e+00	9.07e-01	1.34e-03	1.51e-03
 2.86576e+19	9.13e-01	8.66e-02	1.29e-05	0.00e+00	0.00e+00	0.00e+00	0.00e+00	0.00e+00	0.00e+00	9.11e-01	1.32e-03	1.48e-03
 2.86606e+19	9.17e-01	8.31e-02	1.13e-05	0.00e+00	0.00e+00	0.00e+00	0.00e+00	0.00e+00	0.00e+00	9.14e-01	1.30e-03	1.46e-03
 2.86635e+19	9.20e-01	7.99e-02	9.94e-06	0.00e+00	0.00e+00	0.00e+00	0.00e+00	0.00e+00	0.00e+00	9.17e-01	1.28e-03	1.44e-03
 2.86664e+19	9.23e-01	7.66e-02	8.74e-06	0.00e+00	0.00e+00	0.00e+00	0.00e+00	0.00e+00	0.00e+00	9.21e-01	1.26e-03	1.42e-03
 2.86694e+19	9.26e-01	7.36e-02	7.67e-06	0.00e+00	0.00e+00	0.00e+00	0.00e+00	0.00e+00	0.00e+00	9.24e-01	1.24e-03	1.40e-03
 2.86723e+19	9.30e-01	7.05e-02	6.73e-06	0.00e+00	0.00e+00	0.00e+00	0.00e+00	0.00e+00	0.00e+00	9.27e-01	1.23e-03	1.38e-03
 2.86751e+19	9.32e-01	6.77e-02	5.93e-06	0.00e+00	0.00e+00	0.00e+00	0.00e+00	0.00e+00	0.00e+00	9.30e-01	1.21e-03	1.36e-03
 2.86779e+19	9.35e-01	6.51e-02	5.23e-06	0.00e+00	0.00e+00	0.00e+00	0.00e+00	0.00e+00	0.00e+00	9.32e-01	1.20e-03	1.34e-03
 2.86807e+19	9.37e-01	6.25e-02	4.61e-06	0.00e+00	0.00e+00	0.00e+00	0.00e+00	0.00e+00	0.00e+00	9.35e-01	1.18e-03	1.32e-03
 2.86835e+19	9.40e-01	6.00e-02	4.07e-06	0.00e+00	0.00e+00	0.00e+00	0.00e+00	0.00e+00	0.00e+00	9.38e-01	1.17e-03	1.31e-03
 2.86863e+19	9.42e-01	5.77e-02	3.59e-06	0.00e+00	0.00e+00	0.00e+00	0.00e+00	0.00e+00	0.00e+00	9.40e-01	1.15e-03	1.29e-03
 2.86890e+19	9.45e-01	5.54e-02	3.17e-06	0.00e+00	0.00e+00	0.00e+00	0.00e+00	0.00e+00	0.00e+00	9.42e-01	1.14e-03	1.27e-03
 2.86917e+19	9.47e-01	5.33e-02	2.80e-06	0.00e+00	0.00e+00	0.00e+00	0.00e+00	0.00e+00	0.00e+00	9.44e-01	1.13e-03	1.26e-03
 2.86944e+19	9.49e-01	5.12e-02	2.48e-06	0.00e+00	0.00e+00	0.00e+00	0.00e+00	0.00e+00	0.00e+00	9.46e-01	1.11e-03	1.24e-03
 2.86971e+19	9.51e-01	4.92e-02	2.19e-06	0.00e+00	0.00e+00	0.00e+00	0.00e+00	0.00e+00	0.00e+00	9.48e-01	1.10e-03	1.23e-03
 2.86997e+19	9.53e-01	4.73e-02	1.94e-06	0.00e+00	0.00e+00	0.00e+00	0.00e+00	0.00e+00	0.00e+00	9.50e-01	1.09e-03	1.21e-03
 2.87023e+19	9.54e-01	4.55e-02	1.72e-06	0.00e+00	0.00e+00	0.00e+00	0.00e+00	0.00e+00	0.00e+00	9.52e-01	1.08e-03	1.20e-03
 2.87049e+19	9.56e-01	4.37e-02	1.52e-06	0.00e+00	0.00e+00	0.00e+00	0.00e+00	0.00e+00	0.00e+00	9.54e-01	1.07e-03	1.19e-03
 2.87076e+19	9.58e-01	4.21e-02	1.35e-06	0.00e+00	0.00e+00	0.00e+00	0.00e+00	0.00e+00	0.00e+00	9.56e-01	1.06e-03	1.18e-03
 2.87101e+19	9.60e-01	4.05e-02	1.20e-06	0.00e+00	0.00e+00	0.00e+00	0.00e+00	0.00e+00	0.00e+00	9.57e-01	1.05e-03	1.16e-03
 2.87127e+19	9.61e-01	3.90e-02	1.07e-06	0.00e+00	0.00e+00	0.00e+00	0.00e+00	0.00e+00	0.00e+00	9.59e-01	1.04e-03	1.15e-03
 2.87152e+19	9.63e-01	3.75e-02	9.46e-07	0.00e+00	0.00e+00	0.00e+00	0.00e+00	0.00e+00	0.00e+00	9.60e-01	1.03e-03	1.14e-03
 2.87178e+19	9.64e-01	3.61e-02	8.40e-07	0.00e+00	0.00e+00	0.00e+00	0.00e+00	0.00e+00	0.00e+00	9.62e-01	1.02e-03	1.13e-03
 2.87203e+19	9.65e-01	3.47e-02	7.45e-07	0.00e+00	0.00e+00	0.00e+00	0.00e+00	0.00e+00	0.00e+00	9.63e-01	1.01e-03	1.12e-03
 2.87228e+19	9.67e-01	3.34e-02	6.64e-07	0.00e+00	0.00e+00	0.00e+00	0.00e+00	0.00e+00	0.00e+00	9.64e-01	1.00e-03	1.11e-03
 2.87253e+19	9.68e-01	3.21e-02	5.91e-07	0.00e+00	0.00e+00	0.00e+00	0.00e+00	0.00e+00	0.00e+00	9.66e-01	9.93e-04	1.10e-03
 2.87278e+19	9.69e-01	3.10e-02	5.26e-07	0.00e+00	0.00e+00	0.00e+00	0.00e+00	0.00e+00	0.00e+00	9.67e-01	9.86e-04	1.09e-03
 2.87303e+19	9.70e-01	2.98e-02	4.67e-07	0.00e+00	0.00e+00	0.00e+00	0.00e+00	0.00e+00	0.00e+00	9.68e-01	9.78e-04	1.08e-03
 2.87328e+19	9.71e-01	2.87e-02	4.16e-07	0.00e+00	0.00e+00	0.00e+00	0.00e+00	0.00e+00	0.00e+00	9.69e-01	9.71e-04	1.08e-03
 2.87353e+19	9.72e-01	2.76e-02	3.71e-07	0.00e+00	0.00e+00	0.00e+00	0.00e+00	0.00e+00	0.00e+00	9.70e-01	9.64e-04	1.07e-03
 2.87377e+19	9.73e-01	2.66e-02	3.31e-07	0.00e+00	0.00e+00	0.00e+00	0.00e+00	0.00e+00	0.00e+00	9.71e-01	9.58e-04	1.06e-03
 2.87402e+19	9.74e-01	2.56e-02	2.95e-07	0.00e+00	0.00e+00	0.00e+00	0.00e+00	0.00e+00	0.00e+00	9.72e-01	9.51e-04	1.05e-03
 2.87426e+19	9.75e-01	2.47e-02	2.63e-07	0.00e+00	0.00e+00	0.00e+00	0.00e+00	0.00e+00	0.00e+00	9.73e-01	9.45e-04	1.05e-03
 2.87450e+19	9.76e-01	2.37e-02	2.34e-07	0.00e+00	0.00e+00	0.00e+00	0.00e+00	0.00e+00	0.00e+00	9.74e-01	9.39e-04	1.04e-03
 2.87474e+19	9.77e-01	2.29e-02	2.09e-07	0.00e+00	0.00e+00	0.00e+00	0.00e+00	0.00e+00	0.00e+00	9.75e-01	9.33e-04	1.03e-03
 2.87499e+19	9.78e-01	2.20e-02	1.87e-07	0.00e+00	0.00e+00	0.00e+00	0.00e+00	0.00e+00	0.00e+00	9.76e-01	9.28e-04	1.02e-03
 2.87523e+19	9.79e-01	2.12e-02	1.67e-07	0.00e+00	0.00e+00	0.00e+00	0.00e+00	0.00e+00	0.00e+00	9.77e-01	9.22e-04	1.02e-03
 2.87547e+19	9.80e-01	2.04e-02	1.49e-07	0.00e+00	0.00e+00	0.00e+00	0.00e+00	0.00e+00	0.00e+00	9.78e-01	9.17e-04	1.01e-03
 2.87571e+19	9.80e-01	1.97e-02	1.33e-07	0.00e+00	0.00e+00	0.00e+00	0.00e+00	0.00e+00	0.00e+00	9.78e-01	9.12e-04	1.01e-03
 2.87595e+19	9.81e-01	1.90e-02	1.19e-07	0.00e+00	0.00e+00	0.00e+00	0.00e+00	0.00e+00	0.00e+00	9.79e-01	9.07e-04	1.00e-03
 2.87619e+19	9.82e-01	1.83e-02	1.06e-07	0.00e+00	0.00e+00	0.00e+00	0.00e+00	0.00e+00	0.00e+00	9.80e-01	9.03e-04	9.95e-04
 2.87643e+19	9.82e-01	1.76e-02	9.48e-08	0.00e+00	0.00e+00	0.00e+00	0.00e+00	0.00e+00	0.00e+00	9.80e-01	8.98e-04	9.90e-04
 2.87667e+19	9.83e-01	1.70e-02	8.47e-08	0.00e+00	0.00e+00	0.00e+00	0.00e+00	0.00e+00	0.00e+00	9.81e-01	8.93e-04	9.84e-04
 2.87690e+19	9.84e-01	1.64e-02	7.58e-08	0.00e+00	0.00e+00	0.00e+00	0.00e+00	0.00e+00	0.00e+00	9.82e-01	8.89e-04	9.79e-04
 2.87714e+19	9.84e-01	1.58e-02	6.79e-08	0.00e+00	0.00e+00	0.00e+00	0.00e+00	0.00e+00	0.00e+00	9.82e-01	8.85e-04	9.74e-04
