#depth	H	H+	H2
 4.23646e+13	4.96e-04	1.00e+00	3.01e-14
 2.54187e+14	4.96e-04	1.00e+00	3.03e-14
 1.10148e+15	4.98e-04	1.00e+00	3.05e-14
 4.49065e+15	5.07e-04	9.99e-01	3.13e-14
 1.07267e+16	5.20e-04	9.99e-01	3.28e-14
 1.88336e+16	5.39e-04	9.99e-01	3.49e-14
 2.93725e+16	5.64e-04	9.99e-01	3.73e-14
 4.30732e+16	5.99e-04	9.99e-01	4.13e-14
 5.99249e+16	6.42e-04	9.99e-01	4.61e-14
 7.85049e+16	6.91e-04	9.99e-01	5.19e-14
 9.78281e+16	7.45e-04	9.99e-01	5.85e-14
 1.17924e+17	8.05e-04	9.99e-01	6.66e-14
 1.38824e+17	8.69e-04	9.99e-01	7.57e-14
 1.60560e+17	9.40e-04	9.99e-01	8.67e-14
 1.83166e+17	1.02e-03	9.99e-01	9.95e-14
 2.06675e+17	1.10e-03	9.99e-01	1.15e-13
 2.31125e+17	1.20e-03	9.99e-01	1.33e-13
 2.55941e+17	1.30e-03	9.99e-01	1.55e-13
 2.80603e+17	1.41e-03	9.99e-01	1.79e-13
 3.06865e+17	1.53e-03	9.98e-01	2.10e-13
 3.34380e+17	1.67e-03	9.98e-01	2.46e-13
 3.60785e+17	1.81e-03	9.98e-01	2.87e-13
 3.89189e+17	1.97e-03	9.98e-01	3.39e-13
 4.19322e+17	2.17e-03	9.98e-01	4.07e-13
 4.46753e+17	2.35e-03	9.98e-01	4.74e-13
 4.71821e+17	2.54e-03	9.97e-01	5.46e-13
 4.99891e+17	2.78e-03	9.97e-01	6.46e-13
 5.31067e+17	3.06e-03	9.97e-01	7.81e-13
 5.59583e+17	3.35e-03	9.97e-01	9.13e-13
 5.85493e+17	3.64e-03	9.96e-01	1.06e-12
 6.10804e+17	3.96e-03	9.96e-01	1.23e-12
 6.35178e+17	4.31e-03	9.96e-01	1.41e-12
 6.57305e+17	4.65e-03	9.95e-01	1.60e-12
 6.76771e+17	4.98e-03	9.95e-01	1.79e-12
 6.94122e+17	5.31e-03	9.95e-01	1.98e-12
 7.09954e+17	5.64e-03	9.94e-01	2.18e-12
 7.24478e+17	5.96e-03	9.94e-01	2.37e-12
 7.37671e+17	6.27e-03	9.94e-01	2.57e-12
 7.49565e+17	6.57e-03	9.93e-01	2.76e-12
 7.60339e+17	6.86e-03	9.93e-01	2.95e-12
 7.70221e+17	7.14e-03	9.93e-01	3.14e-12
 7.79395e+17	7.42e-03	9.93e-01	3.33e-12
 7.88001e+17	7.68e-03	9.92e-01	3.53e-12
 7.96174e+17	7.94e-03	9.92e-01	3.74e-12
 8.04082e+17	8.21e-03	9.92e-01	3.96e-12
 8.13078e+17	8.53e-03	9.91e-01	4.25e-12
 8.22909e+17	8.90e-03	9.91e-01	4.59e-12
 8.32222e+17	9.27e-03	9.91e-01	4.94e-12
 8.42725e+17	9.73e-03	9.90e-01	5.38e-12
 8.56378e+17	1.04e-02	9.90e-01	6.00e-12
 8.74127e+17	1.15e-02	9.88e-01	6.87e-12
 8.97202e+17	1.32e-02	9.87e-01	8.17e-12
 9.20908e+17	1.55e-02	9.85e-01	9.72e-12
 9.39702e+17	1.78e-02	9.82e-01	1.13e-11
 9.55493e+17	2.02e-02	9.80e-01	1.29e-11
 9.73114e+17	2.36e-02	9.76e-01	1.51e-11
 9.92000e+17	2.84e-02	9.72e-01	1.83e-11
 1.00968e+18	3.46e-02	9.65e-01	2.23e-11
 1.02640e+18	4.29e-02	9.57e-01	2.79e-11
 1.04106e+18	5.34e-02	9.47e-01	3.52e-11
 1.05184e+18	6.44e-02	9.36e-01	4.32e-11
 1.05894e+18	7.39e-02	9.26e-01	5.06e-11
 1.06583e+18	8.53e-02	9.15e-01	6.04e-11
 1.07350e+18	1.01e-01	8.99e-01	7.47e-11
 1.08035e+18	1.20e-01	8.80e-01	9.44e-11
 1.08586e+18	1.40e-01	8.60e-01	1.16e-10
 1.09057e+18	1.60e-01	8.40e-01	1.43e-10
 1.09579e+18	1.88e-01	8.12e-01	1.85e-10
 1.10126e+18	2.26e-01	7.74e-01	2.58e-10
 1.10586e+18	2.67e-01	7.33e-01	3.56e-10
 1.10943e+18	3.05e-01	6.95e-01	4.74e-10
 1.11203e+18	3.37e-01	6.63e-01	5.98e-10
 1.11404e+18	3.63e-01	6.37e-01	7.27e-10
 1.11583e+18	3.89e-01	6.11e-01	8.77e-10
 1.11754e+18	4.15e-01	5.85e-01	1.06e-09
 1.11913e+18	4.41e-01	5.59e-01	1.27e-09
 1.12056e+18	4.65e-01	5.35e-01	1.52e-09
 1.12184e+18	4.87e-01	5.13e-01	1.79e-09
 1.12303e+18	5.08e-01	4.92e-01	2.10e-09
 1.12414e+18	5.27e-01	4.73e-01	2.45e-09
 1.12503e+18	5.43e-01	4.57e-01	2.75e-09
 1.12567e+18	5.55e-01	4.45e-01	3.04e-09
 1.12628e+18	5.66e-01	4.34e-01	3.34e-09
 1.12695e+18	5.78e-01	4.22e-01	3.73e-09
 1.12765e+18	5.92e-01	4.08e-01	4.19e-09
 1.12833e+18	6.04e-01	3.96e-01	4.68e-09
 1.12898e+18	6.16e-01	3.84e-01	5.23e-09
 1.12962e+18	6.28e-01	3.72e-01	5.83e-09
 1.13023e+18	6.39e-01	3.61e-01	6.49e-09
 1.13082e+18	6.50e-01	3.50e-01	7.23e-09
 1.13141e+18	6.61e-01	3.39e-01	8.11e-09
 1.13196e+18	6.70e-01	3.30e-01	8.94e-09
 1.13252e+18	6.80e-01	3.20e-01	1.00e-08
 1.13307e+18	6.90e-01	3.10e-01	1.12e-08
 1.13358e+18	6.99e-01	3.01e-01	1.24e-08
 1.13409e+18	7.08e-01	2.92e-01	1.39e-08
 1.13460e+18	7.17e-01	2.83e-01	1.54e-08
 1.13508e+18	7.25e-01	2.75e-01	1.71e-08
 1.13557e+18	7.33e-01	2.67e-01	1.91e-08
 1.13605e+18	7.41e-01	2.59e-01	2.14e-08
 1.13651e+18	7.49e-01	2.51e-01	2.38e-08
 1.13695e+18	7.56e-01	2.44e-01	2.64e-08
 1.13739e+18	7.63e-01	2.37e-01	2.94e-08
 1.13783e+18	7.69e-01	2.31e-01	3.24e-08
 1.13828e+18	7.77e-01	2.23e-01	3.66e-08
 1.13873e+18	7.83e-01	2.17e-01	4.07e-08
 1.13914e+18	7.89e-01	2.11e-01	4.51e-08
 1.13955e+18	7.95e-01	2.05e-01	5.05e-08
 1.13996e+18	8.01e-01	1.99e-01	5.57e-08
 1.14036e+18	8.07e-01	1.93e-01	6.23e-08
 1.14077e+18	8.13e-01	1.87e-01	6.92e-08
 1.14117e+18	8.18e-01	1.82e-01	7.66e-08
 1.14157e+18	8.24e-01	1.76e-01	8.49e-08
 1.14198e+18	8.29e-01	1.71e-01	9.42e-08
 1.14241e+18	8.35e-01	1.65e-01	1.05e-07
 1.14283e+18	8.40e-01	1.60e-01	1.16e-07
 1.14326e+18	8.45e-01	1.55e-01	1.27e-07
 1.14373e+18	8.51e-01	1.49e-01	1.39e-07
 1.14422e+18	8.57e-01	1.43e-01	1.53e-07
 1.14471e+18	8.63e-01	1.37e-01	1.65e-07
 1.14519e+18	8.68e-01	1.32e-01	1.76e-07
 1.14565e+18	8.73e-01	1.27e-01	1.85e-07
 1.14611e+18	8.78e-01	1.22e-01	1.92e-07
 1.14656e+18	8.83e-01	1.17e-01	1.98e-07
 1.14700e+18	8.88e-01	1.12e-01	2.03e-07
 1.14744e+18	8.92e-01	1.08e-01	2.06e-07
 1.14786e+18	8.96e-01	1.04e-01	2.08e-07
 1.14828e+18	9.00e-01	9.98e-02	2.10e-07
 1.14866e+18	9.04e-01	9.62e-02	2.10e-07
 1.14901e+18	9.07e-01	9.29e-02	2.11e-07
 1.14933e+18	9.10e-01	9.01e-02	2.11e-07
 1.14962e+18	9.13e-01	8.75e-02	2.11e-07
 1.14988e+18	9.15e-01	8.52e-02	2.11e-07
 1.15012e+18	9.17e-01	8.31e-02	2.12e-07
 1.15034e+18	9.19e-01	8.13e-02	2.12e-07
 1.15053e+18	9.20e-01	7.97e-02	2.12e-07
 1.15075e+18	9.22e-01	7.79e-02	2.13e-07
 1.15099e+18	9.24e-01	7.60e-02	2.13e-07
 1.15120e+18	9.26e-01	7.44e-02	2.14e-07
 1.15139e+18	9.27e-01	7.28e-02	2.15e-07
 1.15157e+18	9.29e-01	7.15e-02	2.15e-07
 1.15176e+18	9.30e-01	7.00e-02	2.16e-07
 1.15197e+18	9.31e-01	6.85e-02	2.17e-07
 1.15216e+18	9.33e-01	6.71e-02	2.19e-07
 1.15234e+18	9.34e-01	6.58e-02	2.20e-07
 1.15253e+18	9.36e-01	6.45e-02	2.21e-07
 1.15273e+18	9.37e-01	6.31e-02	2.23e-07
 1.15296e+18	9.38e-01	6.16e-02	2.24e-07
 1.15320e+18	9.40e-01	6.01e-02	2.26e-07
 1.15342e+18	9.41e-01	5.87e-02	2.28e-07
 1.15362e+18	9.43e-01	5.74e-02	2.30e-07
 1.15380e+18	9.44e-01	5.63e-02	2.32e-07
 1.15400e+18	9.45e-01	5.50e-02	2.35e-07
 1.15422e+18	9.46e-01	5.38e-02	2.37e-07
 1.15441e+18	9.47e-01	5.27e-02	2.40e-07
 1.15459e+18	9.48e-01	5.17e-02	2.42e-07
 1.15479e+18	9.50e-01	5.05e-02	2.45e-07
 1.15500e+18	9.51e-01	4.94e-02	2.48e-07
 1.15519e+18	9.52e-01	4.84e-02	2.51e-07
 1.15537e+18	9.53e-01	4.75e-02	2.54e-07
 1.15556e+18	9.54e-01	4.64e-02	2.58e-07
 1.15577e+18	9.55e-01	4.54e-02	2.61e-07
 1.15596e+18	9.56e-01	4.44e-02	2.65e-07
 1.15613e+18	9.56e-01	4.36e-02	2.68e-07
 1.15632e+18	9.57e-01	4.26e-02	2.73e-07
 1.15652e+18	9.58e-01	4.17e-02	2.77e-07
 1.15670e+18	9.59e-01	4.08e-02	2.81e-07
 1.15687e+18	9.60e-01	4.01e-02	2.85e-07
 1.15706e+18	9.61e-01	3.92e-02	2.90e-07
 1.15725e+18	9.62e-01	3.84e-02	2.95e-07
 1.15744e+18	9.62e-01	3.76e-02	2.99e-07
 1.15760e+18	9.63e-01	3.69e-02	3.03e-07
 1.15778e+18	9.64e-01	3.61e-02	3.08e-07
 1.15798e+18	9.65e-01	3.54e-02	3.13e-07
 1.15815e+18	9.65e-01	3.47e-02	3.18e-07
 1.15831e+18	9.66e-01	3.41e-02	3.23e-07
 1.15849e+18	9.67e-01	3.33e-02	3.28e-07
 1.15868e+18	9.67e-01	3.26e-02	3.34e-07
 1.15886e+18	9.68e-01	3.20e-02	3.39e-07
 1.15905e+18	9.69e-01	3.14e-02	3.43e-07
 1.15929e+18	9.69e-01	3.05e-02	3.49e-07
 1.15956e+18	9.70e-01	2.97e-02	3.55e-07
 1.15980e+18	9.71e-01	2.90e-02	3.61e-07
 1.16003e+18	9.72e-01	2.84e-02	3.67e-07
 1.16027e+18	9.72e-01	2.76e-02	3.73e-07
 1.16053e+18	9.73e-01	2.69e-02	3.79e-07
 1.16077e+18	9.74e-01	2.63e-02	3.85e-07
 1.16098e+18	9.74e-01	2.57e-02	3.91e-07
 1.16122e+18	9.75e-01	2.50e-02	3.98e-07
 1.16148e+18	9.76e-01	2.44e-02	4.04e-07
 1.16171e+18	9.76e-01	2.38e-02	4.10e-07
 1.16197e+18	9.77e-01	2.32e-02	4.17e-07
 1.16224e+18	9.77e-01	2.26e-02	4.25e-07
 1.16249e+18	9.78e-01	2.20e-02	4.31e-07
 1.16272e+18	9.79e-01	2.15e-02	4.37e-07
 1.16297e+18	9.79e-01	2.09e-02	4.44e-07
 1.16324e+18	9.80e-01	2.04e-02	4.51e-07
 1.16349e+18	9.80e-01	1.99e-02	4.57e-07
