#depth	H	H+	H2
 2.11682e+14	1.03e-05	1.00e+00	6.58e-20
 1.27009e+15	1.03e-05	1.00e+00	6.61e-20
 5.50374e+15	1.04e-05	1.00e+00	6.64e-20
 2.24383e+16	1.04e-05	1.00e+00	6.76e-20
 5.35980e+16	1.06e-05	1.00e+00	7.04e-20
 9.41056e+16	1.07e-05	1.00e+00	7.34e-20
 1.46765e+17	1.09e-05	1.00e+00	7.68e-20
 2.15223e+17	1.11e-05	1.00e+00	8.09e-20
 3.04218e+17	1.14e-05	1.00e+00	8.59e-20
 4.01527e+17	1.16e-05	1.00e+00	9.11e-20
 4.82682e+17	1.17e-05	1.00e+00	9.50e-20
 5.43841e+17	1.19e-05	1.00e+00	9.88e-20
 6.05968e+17	1.20e-05	1.00e+00	1.04e-19
 6.86734e+17	1.23e-05	1.00e+00	1.12e-19
 7.91728e+17	1.27e-05	1.00e+00	1.25e-19
 9.13925e+17	1.32e-05	1.00e+00	1.40e-19
 1.04076e+18	1.37e-05	1.00e+00	1.55e-19
 1.18794e+18	1.42e-05	1.00e+00	1.71e-19
 1.37926e+18	1.49e-05	1.00e+00	1.89e-19
 1.62798e+18	1.56e-05	1.00e+00	2.11e-19
 1.85699e+18	1.62e-05	1.00e+00	2.29e-19
 2.04269e+18	1.67e-05	1.00e+00	2.44e-19
 2.24696e+18	1.73e-05	1.00e+00	2.62e-19
 2.47166e+18	1.80e-05	1.00e+00	2.83e-19
 2.71882e+18	1.87e-05	1.00e+00	3.07e-19
 2.99070e+18	1.95e-05	1.00e+00	3.35e-19
 3.28977e+18	2.04e-05	1.00e+00	3.68e-19
 3.61875e+18	2.14e-05	1.00e+00	4.08e-19
 3.98063e+18	2.26e-05	1.00e+00	4.55e-19
 4.37869e+18	2.39e-05	1.00e+00	5.12e-19
 4.81656e+18	2.54e-05	1.00e+00	5.81e-19
 5.29821e+18	2.70e-05	1.00e+00	6.65e-19
 5.82804e+18	2.90e-05	1.00e+00	7.69e-19
 6.41084e+18	3.12e-05	1.00e+00	8.98e-19
 7.04232e+18	3.36e-05	1.00e+00	1.06e-18
 7.67928e+18	3.62e-05	1.00e+00	1.23e-18
 8.34173e+18	3.91e-05	1.00e+00	1.45e-18
 9.05916e+18	4.23e-05	1.00e+00	1.72e-18
 9.78792e+18	4.57e-05	1.00e+00	2.03e-18
 1.05458e+19	4.94e-05	1.00e+00	2.40e-18
 1.13514e+19	5.36e-05	1.00e+00	2.85e-18
 1.21892e+19	5.83e-05	1.00e+00	3.40e-18
 1.30606e+19	6.34e-05	1.00e+00	4.07e-18
 1.39668e+19	6.92e-05	1.00e+00	4.88e-18
 1.49092e+19	7.56e-05	1.00e+00	5.86e-18
 1.58893e+19	8.28e-05	1.00e+00	7.08e-18
 1.69086e+19	9.10e-05	1.00e+00	8.57e-18
 1.79687e+19	1.01e-04	1.00e+00	1.04e-17
 1.90713e+19	1.11e-04	1.00e+00	1.28e-17
 2.01928e+19	1.24e-04	1.00e+00	1.57e-17
 2.13096e+19	1.38e-04	1.00e+00	1.92e-17
 2.24961e+19	1.56e-04	1.00e+00	2.40e-17
 2.37243e+19	1.78e-04	1.00e+00	3.00e-17
 2.48767e+19	2.02e-04	1.00e+00	3.73e-17
 2.59770e+19	2.30e-04	1.00e+00	4.63e-17
 2.72351e+19	2.71e-04	1.00e+00	6.04e-17
 2.85627e+19	3.26e-04	1.00e+00	8.02e-17
 2.96755e+19	3.89e-04	1.00e+00	1.04e-16
 3.06402e+19	4.60e-04	1.00e+00	1.33e-16
 3.14898e+19	5.43e-04	9.99e-01	1.68e-16
 3.21885e+19	6.32e-04	9.99e-01	2.07e-16
 3.27975e+19	7.30e-04	9.99e-01	2.53e-16
 3.33695e+19	8.48e-04	9.99e-01	3.10e-16
 3.39112e+19	9.90e-04	9.99e-01	3.83e-16
 3.44055e+19	1.16e-03	9.99e-01	4.72e-16
 3.47652e+19	1.32e-03	9.99e-01	5.60e-16
 3.49787e+19	1.43e-03	9.99e-01	6.24e-16
 3.51782e+19	1.55e-03	9.98e-01	6.94e-16
 3.54377e+19	1.72e-03	9.98e-01	8.03e-16
 3.56961e+19	1.94e-03	9.98e-01	9.33e-16
 3.58865e+19	2.13e-03	9.98e-01	1.06e-15
 3.60351e+19	2.30e-03	9.98e-01	1.17e-15
 3.61963e+19	2.51e-03	9.97e-01	1.32e-15
 3.63722e+19	2.77e-03	9.97e-01	1.50e-15
 3.65242e+19	3.05e-03	9.97e-01	1.70e-15
 3.66487e+19	3.31e-03	9.97e-01	1.90e-15
 3.67631e+19	3.58e-03	9.96e-01	2.11e-15
 3.68940e+19	3.94e-03	9.96e-01	2.40e-15
 3.70284e+19	4.38e-03	9.96e-01	2.76e-15
 3.71337e+19	4.78e-03	9.95e-01	3.10e-15
 3.72185e+19	5.16e-03	9.95e-01	3.44e-15
 3.73106e+19	5.63e-03	9.94e-01	3.86e-15
 3.74106e+19	6.23e-03	9.94e-01	4.43e-15
 3.74960e+19	6.83e-03	9.93e-01	5.02e-15
 3.75664e+19	7.40e-03	9.93e-01	5.60e-15
 3.76418e+19	8.12e-03	9.92e-01	6.36e-15
 3.77223e+19	9.02e-03	9.91e-01	7.36e-15
 3.77898e+19	9.91e-03	9.90e-01	8.38e-15
 3.78459e+19	1.08e-02	9.89e-01	9.45e-15
 3.79067e+19	1.19e-02	9.88e-01	1.08e-14
 3.79724e+19	1.33e-02	9.87e-01	1.27e-14
 3.80285e+19	1.47e-02	9.85e-01	1.48e-14
 3.80755e+19	1.62e-02	9.84e-01	1.70e-14
 3.81193e+19	1.77e-02	9.82e-01	1.95e-14
 3.81697e+19	1.98e-02	9.80e-01	2.31e-14
 3.82217e+19	2.25e-02	9.77e-01	2.81e-14
 3.82626e+19	2.51e-02	9.75e-01	3.32e-14
 3.82954e+19	2.75e-02	9.73e-01	3.85e-14
 3.83310e+19	3.05e-02	9.70e-01	4.55e-14
 3.83704e+19	3.45e-02	9.66e-01	5.60e-14
 3.84052e+19	3.89e-02	9.61e-01	6.84e-14
 3.84344e+19	4.32e-02	9.57e-01	8.18e-14
 3.84655e+19	4.86e-02	9.51e-01	1.01e-13
 3.84993e+19	5.57e-02	9.44e-01	1.29e-13
 3.85287e+19	6.33e-02	9.37e-01	1.63e-13
 3.85538e+19	7.08e-02	9.29e-01	2.01e-13
 3.85756e+19	7.85e-02	9.21e-01	2.45e-13
 3.85944e+19	8.60e-02	9.14e-01	2.93e-13
 3.86120e+19	9.40e-02	9.06e-01	3.50e-13
 3.86295e+19	1.03e-01	8.97e-01	4.21e-13
 3.86467e+19	1.13e-01	8.87e-01	5.08e-13
 3.86628e+19	1.23e-01	8.77e-01	6.07e-13
 3.86781e+19	1.34e-01	8.66e-01	7.32e-13
 3.86928e+19	1.46e-01	8.54e-01	8.81e-13
 3.87068e+19	1.58e-01	8.42e-01	1.05e-12
 3.87223e+19	1.73e-01	8.27e-01	1.29e-12
 3.87383e+19	1.91e-01	8.09e-01	1.62e-12
 3.87512e+19	2.07e-01	7.93e-01	1.95e-12
 3.87623e+19	2.22e-01	7.78e-01	2.30e-12
 3.87750e+19	2.40e-01	7.60e-01	2.79e-12
 3.87888e+19	2.63e-01	7.37e-01	3.48e-12
 3.88010e+19	2.84e-01	7.16e-01	4.24e-12
 3.88117e+19	3.04e-01	6.96e-01	5.03e-12
 3.88235e+19	3.28e-01	6.72e-01	6.16e-12
 3.88364e+19	3.56e-01	6.44e-01	7.71e-12
 3.88480e+19	3.84e-01	6.16e-01	9.48e-12
 3.88584e+19	4.09e-01	5.91e-01	1.13e-11
 3.88686e+19	4.34e-01	5.66e-01	1.36e-11
 3.88787e+19	4.62e-01	5.38e-01	1.63e-11
 3.88880e+19	4.87e-01	5.13e-01	1.92e-11
 3.88962e+19	5.09e-01	4.91e-01	2.21e-11
 3.89038e+19	5.30e-01	4.70e-01	2.52e-11
 3.89098e+19	5.46e-01	4.54e-01	2.78e-11
 3.89140e+19	5.56e-01	4.44e-01	2.96e-11
 3.89181e+19	5.67e-01	4.33e-01	3.17e-11
 3.89232e+19	5.81e-01	4.19e-01	3.46e-11
 3.89283e+19	5.96e-01	4.04e-01	3.78e-11
 3.89326e+19	6.08e-01	3.92e-01	4.05e-11
 3.89367e+19	6.19e-01	3.81e-01	4.32e-11
 3.89410e+19	6.31e-01	3.69e-01	4.64e-11
 3.89455e+19	6.44e-01	3.56e-01	4.99e-11
 3.89498e+19	6.57e-01	3.43e-01	5.36e-11
 3.89538e+19	6.67e-01	3.33e-01	5.70e-11
 3.89579e+19	6.78e-01	3.22e-01	6.08e-11
 3.89620e+19	6.90e-01	3.10e-01	6.48e-11
 3.89662e+19	7.01e-01	2.99e-01	6.93e-11
 3.89702e+19	7.12e-01	2.88e-01	7.34e-11
 3.89741e+19	7.22e-01	2.78e-01	7.79e-11
 3.89781e+19	7.32e-01	2.68e-01	8.24e-11
 3.89822e+19	7.43e-01	2.57e-01	8.76e-11
 3.89861e+19	7.52e-01	2.48e-01	9.25e-11
 3.89899e+19	7.62e-01	2.38e-01	9.75e-11
 3.89937e+19	7.71e-01	2.29e-01	1.03e-10
 3.89977e+19	7.80e-01	2.20e-01	1.09e-10
 3.90015e+19	7.89e-01	2.11e-01	1.14e-10
 3.90052e+19	7.97e-01	2.03e-01	1.20e-10
 3.90090e+19	8.05e-01	1.95e-01	1.25e-10
 3.90128e+19	8.13e-01	1.87e-01	1.32e-10
 3.90166e+19	8.21e-01	1.79e-01	1.38e-10
 3.90202e+19	8.28e-01	1.72e-01	1.44e-10
 3.90238e+19	8.35e-01	1.65e-01	1.50e-10
 3.90274e+19	8.42e-01	1.58e-01	1.57e-10
 3.90310e+19	8.49e-01	1.51e-01	1.63e-10
 3.90345e+19	8.55e-01	1.45e-01	1.69e-10
 3.90379e+19	8.61e-01	1.39e-01	1.75e-10
 3.90413e+19	8.67e-01	1.33e-01	1.82e-10
 3.90447e+19	8.72e-01	1.28e-01	1.88e-10
 3.90480e+19	8.77e-01	1.23e-01	1.95e-10
 3.90513e+19	8.82e-01	1.18e-01	2.01e-10
 3.90545e+19	8.87e-01	1.13e-01	2.08e-10
 3.90577e+19	8.92e-01	1.08e-01	2.14e-10
 3.90608e+19	8.96e-01	1.04e-01	2.21e-10
 3.90639e+19	9.00e-01	1.00e-01	2.27e-10
 3.90670e+19	9.04e-01	9.61e-02	2.33e-10
 3.90700e+19	9.08e-01	9.22e-02	2.40e-10
 3.90731e+19	9.11e-01	8.85e-02	2.46e-10
 3.90760e+19	9.15e-01	8.52e-02	2.52e-10
 3.90789e+19	9.18e-01	8.18e-02	2.59e-10
 3.90818e+19	9.21e-01	7.87e-02	2.64e-10
 3.90847e+19	9.24e-01	7.55e-02	2.71e-10
 3.90876e+19	9.27e-01	7.26e-02	2.77e-10
 3.90904e+19	9.30e-01	6.99e-02	2.84e-10
 3.90932e+19	9.33e-01	6.72e-02	2.89e-10
 3.90960e+19	9.35e-01	6.46e-02	2.96e-10
 3.90987e+19	9.38e-01	6.22e-02	3.01e-10
 3.91015e+19	9.40e-01	5.97e-02	3.08e-10
 3.91042e+19	9.42e-01	5.75e-02	3.14e-10
 3.91069e+19	9.45e-01	5.53e-02	3.20e-10
 3.91096e+19	9.47e-01	5.33e-02	3.25e-10
 3.91122e+19	9.49e-01	5.12e-02	3.31e-10
 3.91149e+19	9.51e-01	4.93e-02	3.36e-10
 3.91175e+19	9.53e-01	4.74e-02	3.43e-10
 3.91201e+19	9.54e-01	4.57e-02	3.48e-10
 3.91227e+19	9.56e-01	4.40e-02	3.54e-10
 3.91253e+19	9.58e-01	4.24e-02	3.59e-10
 3.91279e+19	9.59e-01	4.08e-02	3.65e-10
 3.91305e+19	9.61e-01	3.93e-02	3.70e-10
 3.91330e+19	9.62e-01	3.78e-02	3.76e-10
 3.91355e+19	9.64e-01	3.64e-02	3.80e-10
 3.91381e+19	9.65e-01	3.51e-02	3.86e-10
 3.91406e+19	9.66e-01	3.38e-02	3.91e-10
 3.91431e+19	9.67e-01	3.25e-02	3.96e-10
 3.91456e+19	9.69e-01	3.14e-02	4.01e-10
 3.91481e+19	9.70e-01	3.02e-02	4.06e-10
 3.91506e+19	9.71e-01	2.91e-02	4.11e-10
 3.91531e+19	9.72e-01	2.80e-02	4.16e-10
 3.91555e+19	9.73e-01	2.70e-02	4.20e-10
 3.91580e+19	9.74e-01	2.60e-02	4.25e-10
 3.91605e+19	9.75e-01	2.51e-02	4.29e-10
 3.91629e+19	9.76e-01	2.42e-02	4.34e-10
 3.91654e+19	9.77e-01	2.33e-02	4.38e-10
 3.91678e+19	9.78e-01	2.25e-02	4.43e-10
 3.91703e+19	9.78e-01	2.17e-02	4.46e-10
 3.91727e+19	9.79e-01	2.09e-02	4.51e-10
 3.91751e+19	9.80e-01	2.01e-02	4.54e-10
 3.91776e+19	9.81e-01	1.94e-02	4.58e-10
