#depth	He	He+	He+2
 2.11682e+14	5.54e-06	2.65e-01	7.35e-01
 1.27009e+15	5.55e-06	2.65e-01	7.35e-01
 5.50374e+15	5.57e-06	2.66e-01	7.34e-01
 2.24383e+16	5.70e-06	2.70e-01	7.30e-01
 5.35980e+16	5.76e-06	2.69e-01	7.31e-01
 9.41056e+16	5.98e-06	2.76e-01	7.24e-01
 1.46765e+17	6.40e-06	2.90e-01	7.10e-01
 2.15223e+17	7.17e-06	3.19e-01	6.81e-01
 3.04218e+17	8.51e-06	3.70e-01	6.30e-01
 4.01527e+17	1.05e-05	4.46e-01	5.54e-01
 4.82682e+17	1.27e-05	5.31e-01	4.69e-01
 5.43841e+17	1.46e-05	6.05e-01	3.95e-01
 6.05968e+17	1.67e-05	6.82e-01	3.18e-01
 6.86734e+17	1.93e-05	7.73e-01	2.27e-01
 7.91728e+17	2.23e-05	8.63e-01	1.37e-01
 9.13925e+17	2.49e-05	9.26e-01	7.41e-02
 1.04076e+18	2.67e-05	9.59e-01	4.12e-02
 1.18794e+18	2.83e-05	9.77e-01	2.25e-02
 1.37926e+18	2.99e-05	9.89e-01	1.12e-02
 1.62798e+18	3.16e-05	9.95e-01	4.96e-03
 1.85699e+18	3.31e-05	9.97e-01	2.55e-03
 2.04269e+18	3.43e-05	9.98e-01	1.50e-03
 2.24696e+18	3.56e-05	9.99e-01	8.70e-04
 2.47166e+18	3.71e-05	9.99e-01	4.96e-04
 2.71882e+18	3.87e-05	1.00e+00	2.82e-04
 2.99070e+18	4.05e-05	1.00e+00	1.62e-04
 3.28977e+18	4.25e-05	1.00e+00	9.63e-05
 3.61875e+18	4.48e-05	1.00e+00	6.04e-05
 3.98063e+18	4.74e-05	1.00e+00	4.03e-05
 4.37869e+18	5.03e-05	1.00e+00	2.86e-05
 4.81656e+18	5.37e-05	1.00e+00	2.12e-05
 5.29821e+18	5.75e-05	1.00e+00	1.61e-05
 5.82803e+18	6.19e-05	1.00e+00	1.24e-05
 6.41084e+18	6.69e-05	1.00e+00	9.52e-06
 7.04232e+18	7.26e-05	1.00e+00	7.29e-06
 7.67928e+18	7.86e-05	1.00e+00	5.66e-06
 8.34172e+18	8.52e-05	1.00e+00	4.38e-06
 9.05915e+18	9.27e-05	1.00e+00	3.35e-06
 9.78791e+18	1.01e-04	1.00e+00	2.58e-06
 1.05458e+19	1.09e-04	1.00e+00	1.99e-06
 1.13514e+19	1.19e-04	1.00e+00	1.52e-06
 1.21892e+19	1.30e-04	1.00e+00	1.16e-06
 1.30606e+19	1.42e-04	1.00e+00	8.87e-07
 1.39667e+19	1.55e-04	1.00e+00	6.78e-07
 1.49092e+19	1.69e-04	1.00e+00	5.20e-07
 1.58893e+19	1.85e-04	1.00e+00	3.99e-07
 1.69086e+19	2.03e-04	1.00e+00	3.07e-07
 1.79687e+19	2.24e-04	1.00e+00	2.37e-07
 1.90713e+19	2.46e-04	1.00e+00	1.85e-07
 2.01928e+19	2.71e-04	1.00e+00	1.45e-07
 2.13093e+19	2.99e-04	1.00e+00	1.16e-07
 2.24954e+19	3.31e-04	1.00e+00	9.22e-08
 2.37239e+19	3.68e-04	1.00e+00	7.42e-08
 2.48765e+19	4.08e-04	1.00e+00	6.14e-08
 2.59767e+19	4.51e-04	1.00e+00	5.17e-08
 2.72344e+19	5.08e-04	9.99e-01	4.28e-08
 2.85617e+19	5.79e-04	9.99e-01	3.58e-08
 2.96746e+19	6.52e-04	9.99e-01	3.11e-08
 3.06395e+19	7.30e-04	9.99e-01	2.76e-08
 3.14892e+19	8.12e-04	9.99e-01	2.50e-08
 3.21879e+19	8.93e-04	9.99e-01	2.31e-08
 3.27970e+19	9.79e-04	9.99e-01	2.16e-08
 3.33690e+19	1.07e-03	9.99e-01	2.03e-08
 3.39107e+19	1.18e-03	9.99e-01	1.91e-08
 3.44051e+19	1.30e-03	9.99e-01	1.82e-08
 3.47649e+19	1.41e-03	9.99e-01	1.75e-08
 3.49783e+19	1.48e-03	9.99e-01	1.71e-08
 3.51779e+19	1.55e-03	9.98e-01	1.67e-08
 3.54374e+19	1.66e-03	9.98e-01	1.62e-08
 3.56959e+19	1.78e-03	9.98e-01	1.58e-08
 3.58862e+19	1.89e-03	9.98e-01	1.55e-08
 3.60349e+19	1.98e-03	9.98e-01	1.52e-08
 3.61961e+19	2.09e-03	9.98e-01	1.49e-08
 3.63720e+19	2.22e-03	9.98e-01	1.47e-08
 3.65240e+19	2.35e-03	9.98e-01	1.44e-08
 3.66486e+19	2.47e-03	9.98e-01	1.42e-08
 3.67629e+19	2.60e-03	9.97e-01	1.40e-08
 3.68939e+19	2.76e-03	9.97e-01	1.38e-08
 3.70283e+19	2.95e-03	9.97e-01	1.36e-08
 3.71336e+19	3.11e-03	9.97e-01	1.34e-08
 3.72184e+19	3.26e-03	9.97e-01	1.33e-08
 3.73106e+19	3.44e-03	9.97e-01	1.32e-08
 3.74105e+19	3.67e-03	9.96e-01	1.30e-08
 3.74959e+19	3.88e-03	9.96e-01	1.29e-08
 3.75663e+19	4.08e-03	9.96e-01	1.28e-08
 3.76418e+19	4.33e-03	9.96e-01	1.27e-08
 3.77222e+19	4.63e-03	9.95e-01	1.26e-08
 3.77897e+19	4.90e-03	9.95e-01	1.25e-08
 3.78458e+19	5.16e-03	9.95e-01	1.25e-08
 3.79067e+19	5.50e-03	9.94e-01	1.24e-08
 3.79723e+19	5.90e-03	9.94e-01	1.24e-08
 3.80285e+19	6.29e-03	9.94e-01	1.23e-08
 3.80754e+19	6.67e-03	9.93e-01	1.23e-08
 3.81193e+19	7.07e-03	9.93e-01	1.23e-08
 3.81697e+19	7.62e-03	9.92e-01	1.24e-08
 3.82217e+19	8.25e-03	9.92e-01	1.24e-08
 3.82626e+19	8.84e-03	9.91e-01	1.25e-08
 3.82954e+19	9.39e-03	9.91e-01	1.26e-08
 3.83310e+19	1.01e-02	9.90e-01	1.27e-08
 3.83704e+19	1.09e-02	9.89e-01	1.29e-08
 3.84053e+19	1.18e-02	9.88e-01	1.32e-08
 3.84344e+19	1.27e-02	9.87e-01	1.34e-08
 3.84656e+19	1.38e-02	9.86e-01	1.37e-08
 3.84993e+19	1.52e-02	9.85e-01	1.42e-08
 3.85287e+19	1.67e-02	9.83e-01	1.47e-08
 3.85538e+19	1.82e-02	9.82e-01	1.55e-08
 3.85756e+19	1.97e-02	9.80e-01	1.62e-08
 3.85944e+19	2.12e-02	9.79e-01	1.69e-08
 3.86120e+19	2.28e-02	9.77e-01	1.75e-08
 3.86296e+19	2.46e-02	9.75e-01	1.85e-08
 3.86467e+19	2.66e-02	9.73e-01	1.94e-08
 3.86628e+19	2.87e-02	9.71e-01	2.10e-08
 3.86781e+19	3.10e-02	9.69e-01	2.22e-08
 3.86929e+19	3.37e-02	9.66e-01	2.34e-08
 3.87068e+19	3.63e-02	9.64e-01	2.56e-08
 3.87223e+19	3.98e-02	9.60e-01	2.78e-08
 3.87383e+19	4.38e-02	9.56e-01	3.07e-08
 3.87512e+19	4.76e-02	9.52e-01	3.36e-08
 3.87624e+19	5.13e-02	9.49e-01	3.61e-08
 3.87750e+19	5.62e-02	9.44e-01	3.99e-08
 3.87889e+19	6.20e-02	9.38e-01	4.48e-08
 3.88011e+19	6.80e-02	9.32e-01	4.96e-08
 3.88117e+19	7.37e-02	9.26e-01	5.52e-08
 3.88235e+19	8.13e-02	9.19e-01	6.18e-08
 3.88365e+19	9.03e-02	9.10e-01	7.11e-08
 3.88481e+19	9.96e-02	9.00e-01	8.06e-08
 3.88584e+19	1.09e-01	8.91e-01	9.04e-08
 3.88686e+19	1.20e-01	8.80e-01	1.02e-07
 3.88788e+19	1.31e-01	8.69e-01	1.15e-07
 3.88880e+19	1.43e-01	8.57e-01	1.28e-07
 3.88962e+19	1.54e-01	8.46e-01	1.41e-07
 3.89038e+19	1.66e-01	8.34e-01	1.55e-07
 3.89099e+19	1.75e-01	8.25e-01	1.67e-07
 3.89140e+19	1.83e-01	8.17e-01	1.74e-07
 3.89182e+19	1.91e-01	8.09e-01	1.81e-07
 3.89232e+19	2.01e-01	7.99e-01	1.93e-07
 3.89283e+19	2.11e-01	7.89e-01	2.05e-07
 3.89327e+19	2.20e-01	7.80e-01	2.17e-07
 3.89367e+19	2.29e-01	7.71e-01	2.27e-07
 3.89410e+19	2.39e-01	7.61e-01	2.39e-07
 3.89456e+19	2.49e-01	7.51e-01	2.54e-07
 3.89499e+19	2.60e-01	7.40e-01	2.67e-07
 3.89539e+19	2.70e-01	7.30e-01	2.80e-07
 3.89579e+19	2.81e-01	7.19e-01	2.94e-07
 3.89621e+19	2.93e-01	7.07e-01	3.09e-07
 3.89663e+19	3.05e-01	6.95e-01	3.25e-07
 3.89703e+19	3.16e-01	6.84e-01	3.41e-07
 3.89742e+19	3.28e-01	6.72e-01	3.56e-07
 3.89781e+19	3.40e-01	6.59e-01	3.73e-07
 3.89822e+19	3.54e-01	6.46e-01	3.90e-07
 3.89861e+19	3.66e-01	6.34e-01	4.08e-07
 3.89899e+19	3.80e-01	6.20e-01	4.24e-07
 3.89938e+19	3.93e-01	6.07e-01	4.43e-07
 3.89977e+19	4.07e-01	5.93e-01	4.61e-07
 3.90016e+19	4.21e-01	5.79e-01	4.81e-07
 3.90053e+19	4.35e-01	5.65e-01	4.98e-07
 3.90090e+19	4.49e-01	5.51e-01	5.17e-07
 3.90128e+19	4.64e-01	5.36e-01	5.36e-07
 3.90166e+19	4.78e-01	5.22e-01	5.57e-07
 3.90202e+19	4.93e-01	5.07e-01	5.75e-07
 3.90238e+19	5.07e-01	4.93e-01	5.93e-07
 3.90275e+19	5.22e-01	4.78e-01	6.12e-07
 3.90311e+19	5.36e-01	4.64e-01	6.32e-07
 3.90346e+19	5.51e-01	4.49e-01	6.49e-07
 3.90380e+19	5.65e-01	4.35e-01	6.66e-07
 3.90414e+19	5.79e-01	4.21e-01	6.83e-07
 3.90448e+19	5.92e-01	4.08e-01	7.02e-07
 3.90481e+19	6.06e-01	3.94e-01	7.17e-07
 3.90513e+19	6.19e-01	3.81e-01	7.32e-07
 3.90545e+19	6.32e-01	3.68e-01	7.48e-07
 3.90577e+19	6.45e-01	3.55e-01	7.64e-07
 3.90609e+19	6.58e-01	3.42e-01	7.78e-07
 3.90640e+19	6.70e-01	3.30e-01	7.92e-07
 3.90670e+19	6.82e-01	3.18e-01	8.04e-07
 3.90701e+19	6.94e-01	3.06e-01	8.17e-07
 3.90731e+19	7.05e-01	2.95e-01	8.30e-07
 3.90760e+19	7.16e-01	2.84e-01	8.42e-07
 3.90789e+19	7.27e-01	2.73e-01	8.51e-07
 3.90819e+19	7.37e-01	2.63e-01	8.62e-07
 3.90848e+19	7.48e-01	2.52e-01	8.72e-07
 3.90876e+19	7.57e-01	2.43e-01	8.82e-07
 3.90904e+19	7.67e-01	2.33e-01	8.90e-07
 3.90932e+19	7.76e-01	2.24e-01	8.99e-07
 3.90960e+19	7.85e-01	2.15e-01	9.06e-07
 3.90988e+19	7.94e-01	2.06e-01	9.13e-07
 3.91015e+19	8.02e-01	1.98e-01	9.19e-07
 3.91042e+19	8.11e-01	1.89e-01	9.25e-07
 3.91069e+19	8.18e-01	1.82e-01	9.30e-07
 3.91096e+19	8.26e-01	1.74e-01	9.35e-07
 3.91123e+19	8.34e-01	1.66e-01	9.38e-07
 3.91149e+19	8.41e-01	1.59e-01	9.42e-07
 3.91176e+19	8.48e-01	1.52e-01	9.44e-07
 3.91202e+19	8.54e-01	1.46e-01	9.47e-07
 3.91228e+19	8.60e-01	1.40e-01	9.48e-07
 3.91254e+19	8.67e-01	1.33e-01	9.50e-07
 3.91279e+19	8.73e-01	1.27e-01	9.49e-07
 3.91305e+19	8.78e-01	1.22e-01	9.50e-07
 3.91331e+19	8.84e-01	1.16e-01	9.49e-07
 3.91356e+19	8.89e-01	1.11e-01	9.48e-07
 3.91381e+19	8.94e-01	1.06e-01	9.45e-07
 3.91407e+19	8.99e-01	1.01e-01	9.44e-07
 3.91432e+19	9.04e-01	9.64e-02	9.41e-07
 3.91457e+19	9.08e-01	9.19e-02	9.38e-07
 3.91481e+19	9.12e-01	8.76e-02	9.33e-07
 3.91507e+19	9.17e-01	8.35e-02	9.29e-07
 3.91531e+19	9.20e-01	7.95e-02	9.25e-07
 3.91556e+19	9.24e-01	7.57e-02	9.19e-07
 3.91581e+19	9.28e-01	7.21e-02	9.12e-07
 3.91605e+19	9.31e-01	6.86e-02	9.06e-07
 3.91630e+19	9.35e-01	6.53e-02	9.00e-07
 3.91654e+19	9.38e-01	6.21e-02	8.92e-07
 3.91679e+19	9.41e-01	5.90e-02	8.84e-07
 3.91703e+19	9.44e-01	5.61e-02	8.76e-07
 3.91728e+19	9.47e-01	5.33e-02	8.67e-07
 3.91752e+19	9.49e-01	5.07e-02	8.59e-07
 3.91776e+19	9.52e-01	4.82e-02	8.53e-07
