#depth	H	H+	H2
 4.23646e+13	4.96e-04	1.00e+00	3.01e-14
 2.54187e+14	4.96e-04	1.00e+00	3.03e-14
 1.10148e+15	4.98e-04	1.00e+00	3.05e-14
 4.49065e+15	5.07e-04	9.99e-01	3.13e-14
 1.07267e+16	5.20e-04	9.99e-01	3.28e-14
 1.88336e+16	5.39e-04	9.99e-01	3.49e-14
 2.93725e+16	5.64e-04	9.99e-01	3.73e-14
 4.30732e+16	5.99e-04	9.99e-01	4.13e-14
 5.99249e+16	6.42e-04	9.99e-01	4.61e-14
 7.85049e+16	6.91e-04	9.99e-01	5.19e-14
 9.78281e+16	7.45e-04	9.99e-01	5.85e-14
 1.17924e+17	8.05e-04	9.99e-01	6.66e-14
 1.38824e+17	8.69e-04	9.99e-01	7.57e-14
 1.60560e+17	9.40e-04	9.99e-01	8.67e-14
 1.83166e+17	1.02e-03	9.99e-01	9.95e-14
 2.06675e+17	1.10e-03	9.99e-01	1.15e-13
 2.31125e+17	1.20e-03	9.99e-01	1.33e-13
 2.55941e+17	1.30e-03	9.99e-01	1.55e-13
 2.80603e+17	1.41e-03	9.99e-01	1.79e-13
 3.06865e+17	1.53e-03	9.98e-01	2.10e-13
 3.34380e+17	1.67e-03	9.98e-01	2.46e-13
 3.60785e+17	1.81e-03	9.98e-01	2.87e-13
 3.89189e+17	1.97e-03	9.98e-01	3.39e-13
 4.19324e+17	2.16e-03	9.98e-01	4.05e-13
 4.46837e+17	2.35e-03	9.98e-01	4.73e-13
 4.72623e+17	2.55e-03	9.97e-01	5.51e-13
 5.02162e+17	2.80e-03	9.97e-01	6.56e-13
 5.34123e+17	3.09e-03	9.97e-01	7.91e-13
 5.62255e+17	3.38e-03	9.97e-01	9.24e-13
 5.87635e+17	3.67e-03	9.96e-01	1.07e-12
 6.16416e+17	4.05e-03	9.96e-01	1.27e-12
 6.47765e+17	4.51e-03	9.95e-01	1.53e-12
 6.75602e+17	4.97e-03	9.95e-01	1.79e-12
 6.96492e+17	5.36e-03	9.95e-01	2.02e-12
 7.10737e+17	5.65e-03	9.94e-01	2.20e-12
 7.24793e+17	5.97e-03	9.94e-01	2.39e-12
 7.40132e+17	6.34e-03	9.94e-01	2.63e-12
 7.53155e+17	6.67e-03	9.93e-01	2.82e-12
 7.63373e+17	6.95e-03	9.93e-01	3.02e-12
 7.72274e+17	7.20e-03	9.93e-01	3.18e-12
 7.82187e+17	7.51e-03	9.92e-01	3.42e-12
 7.92568e+17	7.84e-03	9.92e-01	3.66e-12
 8.01050e+17	8.12e-03	9.92e-01	3.87e-12
 8.08200e+17	8.35e-03	9.92e-01	4.08e-12
 8.16127e+17	8.64e-03	9.91e-01	4.35e-12
 8.26431e+17	9.06e-03	9.91e-01	4.74e-12
 8.38001e+17	9.55e-03	9.90e-01	5.20e-12
 8.51217e+17	1.02e-02	9.90e-01	5.77e-12
 8.68398e+17	1.12e-02	9.89e-01	6.60e-12
 8.90733e+17	1.27e-02	9.87e-01	7.80e-12
 9.14184e+17	1.48e-02	9.85e-01	9.26e-12
 9.33439e+17	1.70e-02	9.83e-01	1.07e-11
 9.49668e+17	1.93e-02	9.81e-01	1.23e-11
 9.67612e+17	2.25e-02	9.77e-01	1.44e-11
 9.87893e+17	2.73e-02	9.73e-01	1.76e-11
 1.00721e+18	3.37e-02	9.66e-01	2.17e-11
 1.02417e+18	4.17e-02	9.58e-01	2.71e-11
 1.03848e+18	5.15e-02	9.49e-01	3.38e-11
 1.04919e+18	6.16e-02	9.38e-01	4.11e-11
 1.05656e+18	7.09e-02	9.29e-01	4.82e-11
 1.06386e+18	8.22e-02	9.18e-01	5.77e-11
 1.07186e+18	9.79e-02	9.02e-01	7.16e-11
 1.07877e+18	1.16e-01	8.84e-01	8.99e-11
 1.08427e+18	1.34e-01	8.66e-01	1.10e-10
 1.08909e+18	1.54e-01	8.46e-01	1.35e-10
 1.09450e+18	1.82e-01	8.18e-01	1.77e-10
 1.10010e+18	2.19e-01	7.81e-01	2.43e-10
 1.10479e+18	2.59e-01	7.41e-01	3.35e-10
 1.10855e+18	2.98e-01	7.02e-01	4.49e-10
 1.11132e+18	3.31e-01	6.69e-01	5.73e-10
 1.11343e+18	3.58e-01	6.42e-01	6.97e-10
 1.11525e+18	3.84e-01	6.16e-01	8.44e-10
 1.11697e+18	4.10e-01	5.90e-01	1.02e-09
 1.11858e+18	4.35e-01	5.65e-01	1.22e-09
 1.12003e+18	4.59e-01	5.41e-01	1.46e-09
 1.12133e+18	4.82e-01	5.18e-01	1.73e-09
 1.12255e+18	5.03e-01	4.97e-01	2.03e-09
 1.12369e+18	5.24e-01	4.76e-01	2.38e-09
 1.12475e+18	5.43e-01	4.57e-01	2.77e-09
 1.12561e+18	5.58e-01	4.42e-01	3.11e-09
 1.12625e+18	5.70e-01	4.30e-01	3.44e-09
 1.12686e+18	5.81e-01	4.19e-01	3.79e-09
 1.12752e+18	5.93e-01	4.07e-01	4.24e-09
 1.12821e+18	6.06e-01	3.94e-01	4.77e-09
 1.12889e+18	6.19e-01	3.81e-01	5.36e-09
 1.12952e+18	6.30e-01	3.70e-01	5.94e-09
 1.13012e+18	6.42e-01	3.58e-01	6.67e-09
 1.13070e+18	6.52e-01	3.48e-01	7.36e-09
 1.13128e+18	6.63e-01	3.37e-01	8.25e-09
 1.13185e+18	6.73e-01	3.27e-01	9.23e-09
 1.13239e+18	6.82e-01	3.18e-01	1.02e-08
 1.13293e+18	6.92e-01	3.08e-01	1.15e-08
 1.13345e+18	7.01e-01	2.99e-01	1.27e-08
 1.13396e+18	7.10e-01	2.90e-01	1.42e-08
 1.13447e+18	7.19e-01	2.81e-01	1.58e-08
 1.13495e+18	7.27e-01	2.73e-01	1.76e-08
 1.13542e+18	7.35e-01	2.65e-01	1.95e-08
 1.13589e+18	7.43e-01	2.57e-01	2.19e-08
 1.13635e+18	7.50e-01	2.50e-01	2.43e-08
 1.13679e+18	7.57e-01	2.43e-01	2.69e-08
 1.13725e+18	7.64e-01	2.36e-01	2.98e-08
 1.13771e+18	7.71e-01	2.29e-01	3.36e-08
 1.13815e+18	7.78e-01	2.22e-01	3.74e-08
 1.13857e+18	7.84e-01	2.16e-01	4.15e-08
 1.13898e+18	7.90e-01	2.10e-01	4.61e-08
 1.13940e+18	7.97e-01	2.03e-01	5.16e-08
 1.13980e+18	8.02e-01	1.98e-01	5.69e-08
 1.14021e+18	8.08e-01	1.92e-01	6.36e-08
 1.14061e+18	8.14e-01	1.86e-01	7.06e-08
 1.14101e+18	8.19e-01	1.81e-01	7.82e-08
 1.14142e+18	8.25e-01	1.75e-01	8.67e-08
 1.14183e+18	8.30e-01	1.70e-01	9.65e-08
 1.14225e+18	8.36e-01	1.64e-01	1.07e-07
 1.14267e+18	8.41e-01	1.59e-01	1.18e-07
 1.14312e+18	8.47e-01	1.53e-01	1.30e-07
 1.14360e+18	8.52e-01	1.48e-01	1.42e-07
 1.14409e+18	8.58e-01	1.42e-01	1.56e-07
 1.14457e+18	8.64e-01	1.36e-01	1.67e-07
 1.14504e+18	8.69e-01	1.31e-01	1.78e-07
 1.14551e+18	8.74e-01	1.26e-01	1.86e-07
 1.14596e+18	8.79e-01	1.21e-01	1.94e-07
 1.14641e+18	8.84e-01	1.16e-01	1.99e-07
 1.14686e+18	8.89e-01	1.11e-01	2.03e-07
 1.14729e+18	8.93e-01	1.07e-01	2.06e-07
 1.14772e+18	8.97e-01	1.03e-01	2.09e-07
 1.14813e+18	9.01e-01	9.89e-02	2.10e-07
 1.14850e+18	9.05e-01	9.54e-02	2.10e-07
 1.14885e+18	9.08e-01	9.22e-02	2.11e-07
 1.14916e+18	9.11e-01	8.94e-02	2.11e-07
 1.14944e+18	9.13e-01	8.69e-02	2.11e-07
 1.14970e+18	9.15e-01	8.46e-02	2.11e-07
 1.14994e+18	9.17e-01	8.26e-02	2.12e-07
 1.15015e+18	9.19e-01	8.09e-02	2.12e-07
 1.15039e+18	9.21e-01	7.89e-02	2.12e-07
 1.15064e+18	9.23e-01	7.69e-02	2.13e-07
 1.15087e+18	9.25e-01	7.51e-02	2.13e-07
 1.15108e+18	9.27e-01	7.34e-02	2.14e-07
 1.15127e+18	9.28e-01	7.19e-02	2.15e-07
 1.15148e+18	9.30e-01	7.03e-02	2.16e-07
 1.15171e+18	9.31e-01	6.87e-02	2.17e-07
 1.15191e+18	9.33e-01	6.72e-02	2.18e-07
 1.15210e+18	9.34e-01	6.58e-02	2.20e-07
 1.15227e+18	9.35e-01	6.46e-02	2.21e-07
 1.15246e+18	9.37e-01	6.33e-02	2.22e-07
 1.15270e+18	9.38e-01	6.17e-02	2.24e-07
 1.15296e+18	9.40e-01	6.00e-02	2.26e-07
 1.15320e+18	9.41e-01	5.85e-02	2.28e-07
 1.15342e+18	9.43e-01	5.72e-02	2.31e-07
 1.15361e+18	9.44e-01	5.60e-02	2.33e-07
 1.15383e+18	9.45e-01	5.46e-02	2.35e-07
 1.15406e+18	9.47e-01	5.33e-02	2.38e-07
 1.15428e+18	9.48e-01	5.21e-02	2.41e-07
 1.15447e+18	9.49e-01	5.10e-02	2.44e-07
 1.15465e+18	9.50e-01	5.00e-02	2.46e-07
 1.15484e+18	9.51e-01	4.89e-02	2.49e-07
 1.15505e+18	9.52e-01	4.79e-02	2.52e-07
 1.15524e+18	9.53e-01	4.69e-02	2.56e-07
 1.15541e+18	9.54e-01	4.60e-02	2.59e-07
 1.15560e+18	9.55e-01	4.50e-02	2.63e-07
 1.15580e+18	9.56e-01	4.40e-02	2.67e-07
 1.15599e+18	9.57e-01	4.31e-02	2.70e-07
 1.15616e+18	9.58e-01	4.23e-02	2.74e-07
 1.15634e+18	9.59e-01	4.14e-02	2.78e-07
 1.15654e+18	9.60e-01	4.05e-02	2.83e-07
 1.15672e+18	9.60e-01	3.97e-02	2.87e-07
 1.15689e+18	9.61e-01	3.90e-02	2.91e-07
 1.15707e+18	9.62e-01	3.81e-02	2.96e-07
 1.15727e+18	9.63e-01	3.73e-02	3.01e-07
 1.15744e+18	9.63e-01	3.66e-02	3.05e-07
 1.15761e+18	9.64e-01	3.59e-02	3.10e-07
 1.15778e+18	9.65e-01	3.52e-02	3.14e-07
 1.15798e+18	9.66e-01	3.44e-02	3.20e-07
 1.15815e+18	9.66e-01	3.38e-02	3.24e-07
 1.15834e+18	9.67e-01	3.30e-02	3.30e-07
 1.15855e+18	9.68e-01	3.23e-02	3.36e-07
 1.15874e+18	9.68e-01	3.16e-02	3.41e-07
 1.15894e+18	9.69e-01	3.09e-02	3.46e-07
 1.15921e+18	9.70e-01	3.01e-02	3.53e-07
 1.15950e+18	9.71e-01	2.92e-02	3.60e-07
 1.15976e+18	9.72e-01	2.84e-02	3.66e-07
 1.16000e+18	9.72e-01	2.77e-02	3.72e-07
 1.16022e+18	9.73e-01	2.71e-02	3.77e-07
 1.16046e+18	9.74e-01	2.65e-02	3.84e-07
 1.16071e+18	9.74e-01	2.58e-02	3.90e-07
 1.16095e+18	9.75e-01	2.52e-02	3.96e-07
 1.16120e+18	9.76e-01	2.45e-02	4.03e-07
 1.16148e+18	9.76e-01	2.38e-02	4.10e-07
 1.16173e+18	9.77e-01	2.32e-02	4.17e-07
 1.16196e+18	9.77e-01	2.27e-02	4.23e-07
 1.16222e+18	9.78e-01	2.21e-02	4.30e-07
 1.16249e+18	9.79e-01	2.15e-02	4.37e-07
 1.16273e+18	9.79e-01	2.10e-02	4.44e-07
 1.16300e+18	9.80e-01	2.04e-02	4.51e-07
 1.16330e+18	9.80e-01	1.98e-02	4.58e-07
