#depth	O	O+	O+2	O+3	O+4	O+5	O+6	O+7	O+8	O[1]	O[2]	O[3]
 9.05619e+13	1.14e-08	9.87e-04	7.76e-01	2.22e-01	1.25e-03	0.00e+00	0.00e+00	0.00e+00	0.00e+00	1.12e-08	1.25e-10	1.36e-10
 5.43371e+14	1.15e-08	9.88e-04	7.77e-01	2.21e-01	1.24e-03	0.00e+00	0.00e+00	0.00e+00	0.00e+00	1.12e-08	1.25e-10	1.36e-10
 2.35461e+15	1.15e-08	9.93e-04	7.79e-01	2.19e-01	1.22e-03	0.00e+00	0.00e+00	0.00e+00	0.00e+00	1.13e-08	1.26e-10	1.37e-10
 9.59956e+15	1.17e-08	1.01e-03	7.88e-01	2.10e-01	1.14e-03	0.00e+00	0.00e+00	0.00e+00	0.00e+00	1.15e-08	1.28e-10	1.39e-10
 2.29303e+16	1.21e-08	1.03e-03	8.00e-01	1.98e-01	1.04e-03	0.00e+00	0.00e+00	0.00e+00	0.00e+00	1.18e-08	1.31e-10	1.43e-10
 4.02602e+16	1.26e-08	1.06e-03	8.15e-01	1.83e-01	9.10e-04	0.00e+00	0.00e+00	0.00e+00	0.00e+00	1.23e-08	1.35e-10	1.48e-10
 6.27891e+16	1.32e-08	1.10e-03	8.34e-01	1.64e-01	7.64e-04	0.00e+00	0.00e+00	0.00e+00	0.00e+00	1.29e-08	1.41e-10	1.55e-10
 9.20767e+16	1.40e-08	1.15e-03	8.57e-01	1.41e-01	6.00e-04	0.00e+00	0.00e+00	0.00e+00	0.00e+00	1.37e-08	1.48e-10	1.63e-10
 1.30151e+17	1.50e-08	1.21e-03	8.85e-01	1.13e-01	4.31e-04	0.00e+00	0.00e+00	0.00e+00	0.00e+00	1.47e-08	1.57e-10	1.73e-10
 1.79647e+17	1.64e-08	1.29e-03	9.16e-01	8.28e-02	2.69e-04	0.00e+00	0.00e+00	0.00e+00	0.00e+00	1.60e-08	1.69e-10	1.87e-10
 2.43991e+17	1.81e-08	1.37e-03	9.45e-01	5.30e-02	1.38e-04	0.00e+00	0.00e+00	0.00e+00	0.00e+00	1.77e-08	1.85e-10	2.05e-10
 3.27640e+17	2.03e-08	1.47e-03	9.70e-01	2.89e-02	5.56e-05	0.00e+00	0.00e+00	0.00e+00	0.00e+00	1.99e-08	2.05e-10	2.28e-10
 4.36382e+17	2.32e-08	1.59e-03	9.85e-01	1.34e-02	1.72e-05	0.00e+00	0.00e+00	0.00e+00	0.00e+00	2.27e-08	2.30e-10	2.56e-10
 5.77748e+17	2.71e-08	1.71e-03	9.93e-01	5.66e-03	4.24e-06	0.00e+00	0.00e+00	0.00e+00	0.00e+00	2.66e-08	2.64e-10	2.94e-10
 7.51718e+17	3.23e-08	1.86e-03	9.96e-01	2.37e-03	9.37e-07	0.00e+00	0.00e+00	0.00e+00	0.00e+00	3.16e-08	3.09e-10	3.44e-10
 9.43617e+17	3.89e-08	2.03e-03	9.97e-01	1.06e-03	2.13e-07	0.00e+00	0.00e+00	0.00e+00	0.00e+00	3.81e-08	3.64e-10	4.05e-10
 1.14319e+18	4.67e-08	2.21e-03	9.97e-01	5.04e-04	0.00e+00	0.00e+00	0.00e+00	0.00e+00	0.00e+00	4.58e-08	4.29e-10	4.78e-10
 1.35075e+18	5.61e-08	2.41e-03	9.97e-01	2.47e-04	0.00e+00	0.00e+00	0.00e+00	0.00e+00	0.00e+00	5.50e-08	5.07e-10	5.65e-10
 1.56661e+18	6.75e-08	2.62e-03	9.97e-01	1.24e-04	0.00e+00	0.00e+00	0.00e+00	0.00e+00	0.00e+00	6.62e-08	6.00e-10	6.69e-10
 1.79111e+18	8.12e-08	2.86e-03	9.97e-01	6.42e-05	0.00e+00	0.00e+00	0.00e+00	0.00e+00	0.00e+00	7.97e-08	7.12e-10	7.93e-10
 2.00083e+18	9.61e-08	3.09e-03	9.97e-01	3.68e-05	0.00e+00	0.00e+00	0.00e+00	0.00e+00	0.00e+00	9.44e-08	8.31e-10	9.26e-10
 2.20091e+18	1.12e-07	3.31e-03	9.97e-01	2.27e-05	0.00e+00	0.00e+00	0.00e+00	0.00e+00	0.00e+00	1.10e-07	9.63e-10	1.07e-09
 2.42101e+18	1.33e-07	3.58e-03	9.96e-01	1.43e-05	0.00e+00	0.00e+00	0.00e+00	0.00e+00	0.00e+00	1.31e-07	1.13e-09	1.26e-09
 2.66311e+18	1.59e-07	3.89e-03	9.96e-01	9.33e-06	0.00e+00	0.00e+00	0.00e+00	0.00e+00	0.00e+00	1.56e-07	1.34e-09	1.49e-09
 2.92664e+18	1.93e-07	4.24e-03	9.96e-01	6.49e-06	0.00e+00	0.00e+00	0.00e+00	0.00e+00	0.00e+00	1.89e-07	1.60e-09	1.78e-09
 3.20553e+18	2.34e-07	4.64e-03	9.95e-01	4.83e-06	0.00e+00	0.00e+00	0.00e+00	0.00e+00	0.00e+00	2.30e-07	1.92e-09	2.14e-09
 3.49558e+18	2.86e-07	5.07e-03	9.95e-01	3.83e-06	0.00e+00	0.00e+00	0.00e+00	0.00e+00	0.00e+00	2.81e-07	2.32e-09	2.59e-09
 3.79724e+18	3.49e-07	5.55e-03	9.94e-01	3.16e-06	0.00e+00	0.00e+00	0.00e+00	0.00e+00	0.00e+00	3.43e-07	2.81e-09	3.14e-09
 4.11096e+18	4.28e-07	6.09e-03	9.94e-01	2.69e-06	0.00e+00	0.00e+00	0.00e+00	0.00e+00	0.00e+00	4.20e-07	3.42e-09	3.81e-09
 4.43722e+18	5.24e-07	6.68e-03	9.93e-01	2.32e-06	0.00e+00	0.00e+00	0.00e+00	0.00e+00	0.00e+00	5.16e-07	4.16e-09	4.64e-09
 4.77654e+18	6.46e-07	7.34e-03	9.93e-01	2.03e-06	0.00e+00	0.00e+00	0.00e+00	0.00e+00	0.00e+00	6.35e-07	5.10e-09	5.68e-09
 5.12944e+18	7.98e-07	8.06e-03	9.92e-01	1.78e-06	0.00e+00	0.00e+00	0.00e+00	0.00e+00	0.00e+00	7.84e-07	6.25e-09	6.96e-09
 5.49644e+18	9.90e-07	8.89e-03	9.91e-01	1.57e-06	0.00e+00	0.00e+00	0.00e+00	0.00e+00	0.00e+00	9.74e-07	7.70e-09	8.58e-09
 5.87813e+18	1.23e-06	9.79e-03	9.90e-01	1.39e-06	0.00e+00	0.00e+00	0.00e+00	0.00e+00	0.00e+00	1.21e-06	9.52e-09	1.06e-08
 6.27509e+18	1.54e-06	1.08e-02	9.89e-01	1.23e-06	0.00e+00	0.00e+00	0.00e+00	0.00e+00	0.00e+00	1.52e-06	1.18e-08	1.32e-08
 6.68792e+18	1.94e-06	1.20e-02	9.88e-01	1.09e-06	0.00e+00	0.00e+00	0.00e+00	0.00e+00	0.00e+00	1.91e-06	1.48e-08	1.65e-08
 7.11727e+18	2.46e-06	1.33e-02	9.87e-01	9.67e-07	0.00e+00	0.00e+00	0.00e+00	0.00e+00	0.00e+00	2.42e-06	1.87e-08	2.08e-08
 7.56379e+18	3.14e-06	1.48e-02	9.85e-01	8.57e-07	0.00e+00	0.00e+00	0.00e+00	0.00e+00	0.00e+00	3.09e-06	2.38e-08	2.65e-08
 8.02817e+18	4.05e-06	1.65e-02	9.84e-01	7.59e-07	0.00e+00	0.00e+00	0.00e+00	0.00e+00	0.00e+00	3.98e-06	3.05e-08	3.40e-08
 8.51113e+18	5.29e-06	1.85e-02	9.82e-01	6.71e-07	0.00e+00	0.00e+00	0.00e+00	0.00e+00	0.00e+00	5.20e-06	3.97e-08	4.42e-08
 9.01340e+18	7.02e-06	2.08e-02	9.79e-01	5.95e-07	0.00e+00	0.00e+00	0.00e+00	0.00e+00	0.00e+00	6.91e-06	5.25e-08	5.84e-08
 9.51740e+18	9.38e-06	2.35e-02	9.77e-01	5.26e-07	0.00e+00	0.00e+00	0.00e+00	0.00e+00	0.00e+00	9.23e-06	6.99e-08	7.77e-08
 9.98632e+18	1.24e-05	2.64e-02	9.74e-01	4.72e-07	0.00e+00	0.00e+00	0.00e+00	0.00e+00	0.00e+00	1.22e-05	9.22e-08	1.02e-07
 1.04209e+19	1.63e-05	2.95e-02	9.71e-01	4.25e-07	0.00e+00	0.00e+00	0.00e+00	0.00e+00	0.00e+00	1.61e-05	1.21e-07	1.34e-07
 1.07991e+19	2.09e-05	3.26e-02	9.67e-01	3.87e-07	0.00e+00	0.00e+00	0.00e+00	0.00e+00	0.00e+00	2.06e-05	1.55e-07	1.72e-07
 1.10719e+19	2.52e-05	3.52e-02	9.65e-01	3.61e-07	0.00e+00	0.00e+00	0.00e+00	0.00e+00	0.00e+00	2.49e-05	1.86e-07	2.07e-07
 1.12765e+19	2.93e-05	3.73e-02	9.63e-01	3.43e-07	0.00e+00	0.00e+00	0.00e+00	0.00e+00	0.00e+00	2.89e-05	2.16e-07	2.40e-07
 1.14982e+19	3.48e-05	4.00e-02	9.60e-01	3.23e-07	0.00e+00	0.00e+00	0.00e+00	0.00e+00	0.00e+00	3.42e-05	2.56e-07	2.84e-07
 1.17422e+19	4.22e-05	4.33e-02	9.57e-01	3.00e-07	0.00e+00	0.00e+00	0.00e+00	0.00e+00	0.00e+00	4.15e-05	3.11e-07	3.44e-07
 1.19574e+19	5.06e-05	4.66e-02	9.53e-01	2.82e-07	0.00e+00	0.00e+00	0.00e+00	0.00e+00	0.00e+00	4.98e-05	3.72e-07	4.13e-07
 1.21382e+19	5.95e-05	4.97e-02	9.50e-01	2.66e-07	0.00e+00	0.00e+00	0.00e+00	0.00e+00	0.00e+00	5.86e-05	4.37e-07	4.85e-07
 1.23056e+19	6.98e-05	5.31e-02	9.47e-01	2.51e-07	0.00e+00	0.00e+00	0.00e+00	0.00e+00	0.00e+00	6.87e-05	5.12e-07	5.67e-07
 1.24969e+19	8.45e-05	5.74e-02	9.42e-01	2.33e-07	0.00e+00	0.00e+00	0.00e+00	0.00e+00	0.00e+00	8.32e-05	6.20e-07	6.87e-07
 1.26925e+19	1.04e-04	6.26e-02	9.37e-01	2.15e-07	0.00e+00	0.00e+00	0.00e+00	0.00e+00	0.00e+00	1.03e-04	7.63e-07	8.45e-07
 1.28449e+19	1.24e-04	6.73e-02	9.33e-01	2.01e-07	0.00e+00	0.00e+00	0.00e+00	0.00e+00	0.00e+00	1.22e-04	9.08e-07	1.01e-06
 1.29682e+19	1.44e-04	7.17e-02	9.28e-01	1.89e-07	0.00e+00	0.00e+00	0.00e+00	0.00e+00	0.00e+00	1.42e-04	1.05e-06	1.17e-06
 1.31027e+19	1.71e-04	7.72e-02	9.23e-01	1.76e-07	0.00e+00	0.00e+00	0.00e+00	0.00e+00	0.00e+00	1.69e-04	1.25e-06	1.39e-06
 1.32473e+19	2.09e-04	8.40e-02	9.16e-01	1.61e-07	0.00e+00	0.00e+00	0.00e+00	0.00e+00	0.00e+00	2.06e-04	1.53e-06	1.69e-06
 1.33698e+19	2.50e-04	9.07e-02	9.09e-01	1.49e-07	0.00e+00	0.00e+00	0.00e+00	0.00e+00	0.00e+00	2.46e-04	1.83e-06	2.02e-06
 1.34709e+19	2.93e-04	9.71e-02	9.03e-01	1.39e-07	0.00e+00	0.00e+00	0.00e+00	0.00e+00	0.00e+00	2.88e-04	2.14e-06	2.37e-06
 1.35794e+19	3.51e-04	1.05e-01	8.95e-01	1.27e-07	0.00e+00	0.00e+00	0.00e+00	0.00e+00	0.00e+00	3.46e-04	2.56e-06	2.84e-06
 1.36943e+19	4.30e-04	1.15e-01	8.85e-01	0.00e+00	0.00e+00	0.00e+00	0.00e+00	0.00e+00	0.00e+00	4.24e-04	3.13e-06	3.47e-06
 1.37893e+19	5.15e-04	1.24e-01	8.75e-01	0.00e+00	0.00e+00	0.00e+00	0.00e+00	0.00e+00	0.00e+00	5.08e-04	3.75e-06	4.16e-06
 1.38675e+19	6.04e-04	1.33e-01	8.66e-01	0.00e+00	0.00e+00	0.00e+00	0.00e+00	0.00e+00	0.00e+00	5.94e-04	4.39e-06	4.87e-06
 1.39521e+19	7.24e-04	1.44e-01	8.55e-01	0.00e+00	0.00e+00	0.00e+00	0.00e+00	0.00e+00	0.00e+00	7.13e-04	5.26e-06	5.84e-06
 1.40424e+19	8.90e-04	1.58e-01	8.41e-01	0.00e+00	0.00e+00	0.00e+00	0.00e+00	0.00e+00	0.00e+00	8.76e-04	6.46e-06	7.16e-06
 1.41183e+19	1.07e-03	1.72e-01	8.27e-01	0.00e+00	0.00e+00	0.00e+00	0.00e+00	0.00e+00	0.00e+00	1.06e-03	7.77e-06	8.62e-06
 1.41813e+19	1.26e-03	1.84e-01	8.14e-01	0.00e+00	0.00e+00	0.00e+00	0.00e+00	0.00e+00	0.00e+00	1.24e-03	9.15e-06	1.02e-05
 1.42494e+19	1.52e-03	2.01e-01	7.98e-01	0.00e+00	0.00e+00	0.00e+00	0.00e+00	0.00e+00	0.00e+00	1.50e-03	1.10e-05	1.22e-05
 1.43223e+19	1.89e-03	2.20e-01	7.78e-01	0.00e+00	0.00e+00	0.00e+00	0.00e+00	0.00e+00	0.00e+00	1.86e-03	1.36e-05	1.52e-05
 1.43838e+19	2.30e-03	2.40e-01	7.58e-01	0.00e+00	0.00e+00	0.00e+00	0.00e+00	0.00e+00	0.00e+00	2.26e-03	1.66e-05	1.84e-05
 1.44351e+19	2.73e-03	2.59e-01	7.39e-01	0.00e+00	0.00e+00	0.00e+00	0.00e+00	0.00e+00	0.00e+00	2.69e-03	1.97e-05	2.19e-05
 1.44907e+19	3.33e-03	2.82e-01	7.15e-01	0.00e+00	0.00e+00	0.00e+00	0.00e+00	0.00e+00	0.00e+00	3.28e-03	2.40e-05	2.66e-05
 1.45507e+19	4.19e-03	3.10e-01	6.85e-01	0.00e+00	0.00e+00	0.00e+00	0.00e+00	0.00e+00	0.00e+00	4.12e-03	3.01e-05	3.34e-05
 1.46014e+19	5.17e-03	3.39e-01	6.56e-01	0.00e+00	0.00e+00	0.00e+00	0.00e+00	0.00e+00	0.00e+00	5.09e-03	3.71e-05	4.12e-05
 1.46426e+19	6.20e-03	3.65e-01	6.29e-01	0.00e+00	0.00e+00	0.00e+00	0.00e+00	0.00e+00	0.00e+00	6.10e-03	4.43e-05	4.93e-05
 1.46860e+19	7.58e-03	3.96e-01	5.97e-01	0.00e+00	0.00e+00	0.00e+00	0.00e+00	0.00e+00	0.00e+00	7.47e-03	5.41e-05	6.02e-05
 1.47325e+19	9.56e-03	4.33e-01	5.58e-01	0.00e+00	0.00e+00	0.00e+00	0.00e+00	0.00e+00	0.00e+00	9.42e-03	6.80e-05	7.57e-05
 1.47713e+19	1.18e-02	4.68e-01	5.20e-01	0.00e+00	0.00e+00	0.00e+00	0.00e+00	0.00e+00	0.00e+00	1.16e-02	8.37e-05	9.32e-05
 1.48025e+19	1.41e-02	4.99e-01	4.87e-01	0.00e+00	0.00e+00	0.00e+00	0.00e+00	0.00e+00	0.00e+00	1.39e-02	9.98e-05	1.11e-04
 1.48356e+19	1.72e-02	5.34e-01	4.49e-01	0.00e+00	0.00e+00	0.00e+00	0.00e+00	0.00e+00	0.00e+00	1.70e-02	1.21e-04	1.35e-04
 1.48713e+19	2.16e-02	5.75e-01	4.04e-01	0.00e+00	0.00e+00	0.00e+00	0.00e+00	0.00e+00	0.00e+00	2.13e-02	1.52e-04	1.69e-04
 1.49016e+19	2.68e-02	6.12e-01	3.61e-01	0.00e+00	0.00e+00	0.00e+00	0.00e+00	0.00e+00	0.00e+00	2.64e-02	1.86e-04	2.08e-04
 1.49260e+19	3.20e-02	6.42e-01	3.25e-01	0.00e+00	0.00e+00	0.00e+00	0.00e+00	0.00e+00	0.00e+00	3.16e-02	2.22e-04	2.48e-04
 1.49518e+19	3.91e-02	6.75e-01	2.86e-01	0.00e+00	0.00e+00	0.00e+00	0.00e+00	0.00e+00	0.00e+00	3.85e-02	2.69e-04	3.00e-04
 1.49796e+19	4.90e-02	7.08e-01	2.43e-01	0.00e+00	0.00e+00	0.00e+00	0.00e+00	0.00e+00	0.00e+00	4.83e-02	3.34e-04	3.73e-04
 1.50033e+19	6.05e-02	7.34e-01	2.05e-01	0.00e+00	0.00e+00	0.00e+00	0.00e+00	0.00e+00	0.00e+00	5.97e-02	4.07e-04	4.55e-04
 1.50211e+19	7.15e-02	7.52e-01	1.77e-01	0.00e+00	0.00e+00	0.00e+00	0.00e+00	0.00e+00	0.00e+00	7.05e-02	4.77e-04	5.33e-04
 1.50350e+19	8.17e-02	7.63e-01	1.55e-01	0.00e+00	0.00e+00	0.00e+00	0.00e+00	0.00e+00	0.00e+00	8.06e-02	5.40e-04	6.04e-04
 1.50498e+19	9.44e-02	7.72e-01	1.33e-01	0.00e+00	0.00e+00	0.00e+00	0.00e+00	0.00e+00	0.00e+00	9.31e-02	6.17e-04	6.91e-04
 1.50657e+19	1.11e-01	7.78e-01	1.11e-01	0.00e+00	0.00e+00	0.00e+00	0.00e+00	0.00e+00	0.00e+00	1.09e-01	7.14e-04	8.00e-04
 1.50791e+19	1.28e-01	7.78e-01	9.37e-02	0.00e+00	0.00e+00	0.00e+00	0.00e+00	0.00e+00	0.00e+00	1.26e-01	8.13e-04	9.11e-04
 1.50899e+19	1.43e-01	7.76e-01	8.07e-02	0.00e+00	0.00e+00	0.00e+00	0.00e+00	0.00e+00	0.00e+00	1.42e-01	8.99e-04	1.01e-03
 1.51012e+19	1.62e-01	7.70e-01	6.81e-02	0.00e+00	0.00e+00	0.00e+00	0.00e+00	0.00e+00	0.00e+00	1.60e-01	9.98e-04	1.12e-03
 1.51132e+19	1.84e-01	7.60e-01	5.60e-02	0.00e+00	0.00e+00	0.00e+00	0.00e+00	0.00e+00	0.00e+00	1.82e-01	1.12e-03	1.25e-03
 1.51234e+19	2.06e-01	7.47e-01	4.69e-02	0.00e+00	0.00e+00	0.00e+00	0.00e+00	0.00e+00	0.00e+00	2.03e-01	1.22e-03	1.37e-03
 1.51318e+19	2.25e-01	7.34e-01	4.01e-02	0.00e+00	0.00e+00	0.00e+00	0.00e+00	0.00e+00	0.00e+00	2.23e-01	1.31e-03	1.48e-03
 1.51411e+19	2.48e-01	7.18e-01	3.34e-02	0.00e+00	0.00e+00	0.00e+00	0.00e+00	0.00e+00	0.00e+00	2.45e-01	1.41e-03	1.59e-03
 1.51511e+19	2.76e-01	6.97e-01	2.72e-02	0.00e+00	0.00e+00	0.00e+00	0.00e+00	0.00e+00	0.00e+00	2.72e-01	1.53e-03	1.72e-03
 1.51597e+19	3.00e-01	6.77e-01	2.26e-02	0.00e+00	0.00e+00	0.00e+00	0.00e+00	0.00e+00	0.00e+00	2.97e-01	1.63e-03	1.83e-03
 1.51671e+19	3.23e-01	6.58e-01	1.91e-02	0.00e+00	0.00e+00	0.00e+00	0.00e+00	0.00e+00	0.00e+00	3.19e-01	1.71e-03	1.93e-03
 1.51753e+19	3.49e-01	6.35e-01	1.57e-02	0.00e+00	0.00e+00	0.00e+00	0.00e+00	0.00e+00	0.00e+00	3.45e-01	1.79e-03	2.02e-03
 1.51844e+19	3.79e-01	6.08e-01	1.26e-02	0.00e+00	0.00e+00	0.00e+00	0.00e+00	0.00e+00	0.00e+00	3.75e-01	1.88e-03	2.13e-03
 1.51924e+19	4.07e-01	5.83e-01	1.02e-02	0.00e+00	0.00e+00	0.00e+00	0.00e+00	0.00e+00	0.00e+00	4.03e-01	1.96e-03	2.21e-03
 1.51995e+19	4.31e-01	5.61e-01	8.50e-03	0.00e+00	0.00e+00	0.00e+00	0.00e+00	0.00e+00	0.00e+00	4.27e-01	2.01e-03	2.27e-03
 1.52067e+19	4.56e-01	5.37e-01	6.99e-03	0.00e+00	0.00e+00	0.00e+00	0.00e+00	0.00e+00	0.00e+00	4.52e-01	2.06e-03	2.33e-03
 1.52146e+19	4.85e-01	5.10e-01	5.58e-03	0.00e+00	0.00e+00	0.00e+00	0.00e+00	0.00e+00	0.00e+00	4.80e-01	2.11e-03	2.39e-03
 1.52224e+19	5.13e-01	4.82e-01	4.44e-03	0.00e+00	0.00e+00	0.00e+00	0.00e+00	0.00e+00	0.00e+00	5.09e-01	2.14e-03	2.43e-03
 1.52294e+19	5.38e-01	4.58e-01	3.61e-03	0.00e+00	0.00e+00	0.00e+00	0.00e+00	0.00e+00	0.00e+00	5.33e-01	2.16e-03	2.45e-03
 1.52355e+19	5.60e-01	4.38e-01	2.99e-03	0.00e+00	0.00e+00	0.00e+00	0.00e+00	0.00e+00	0.00e+00	5.55e-01	2.18e-03	2.47e-03
 1.52415e+19	5.80e-01	4.17e-01	2.48e-03	0.00e+00	0.00e+00	0.00e+00	0.00e+00	0.00e+00	0.00e+00	5.76e-01	2.18e-03	2.47e-03
 1.52465e+19	5.97e-01	4.01e-01	2.13e-03	0.00e+00	0.00e+00	0.00e+00	0.00e+00	0.00e+00	0.00e+00	5.93e-01	2.18e-03	2.47e-03
 1.52498e+19	6.07e-01	3.91e-01	1.92e-03	0.00e+00	0.00e+00	0.00e+00	0.00e+00	0.00e+00	0.00e+00	6.02e-01	2.18e-03	2.47e-03
 1.52530e+19	6.17e-01	3.81e-01	1.73e-03	0.00e+00	0.00e+00	0.00e+00	0.00e+00	0.00e+00	0.00e+00	6.13e-01	2.17e-03	2.47e-03
 1.52570e+19	6.30e-01	3.68e-01	1.52e-03	0.00e+00	0.00e+00	0.00e+00	0.00e+00	0.00e+00	0.00e+00	6.26e-01	2.17e-03	2.46e-03
 1.52611e+19	6.45e-01	3.54e-01	1.32e-03	0.00e+00	0.00e+00	0.00e+00	0.00e+00	0.00e+00	0.00e+00	6.40e-01	2.16e-03	2.45e-03
 1.52648e+19	6.57e-01	3.42e-01	1.16e-03	0.00e+00	0.00e+00	0.00e+00	0.00e+00	0.00e+00	0.00e+00	6.52e-01	2.15e-03	2.43e-03
 1.52682e+19	6.67e-01	3.32e-01	1.04e-03	0.00e+00	0.00e+00	0.00e+00	0.00e+00	0.00e+00	0.00e+00	6.63e-01	2.13e-03	2.42e-03
 1.52717e+19	6.79e-01	3.21e-01	9.14e-04	0.00e+00	0.00e+00	0.00e+00	0.00e+00	0.00e+00	0.00e+00	6.74e-01	2.12e-03	2.40e-03
 1.52754e+19	6.90e-01	3.09e-01	8.01e-04	0.00e+00	0.00e+00	0.00e+00	0.00e+00	0.00e+00	0.00e+00	6.86e-01	2.10e-03	2.38e-03
 1.52790e+19	7.02e-01	2.98e-01	7.03e-04	0.00e+00	0.00e+00	0.00e+00	0.00e+00	0.00e+00	0.00e+00	6.97e-01	2.08e-03	2.36e-03
 1.52825e+19	7.12e-01	2.87e-01	6.18e-04	0.00e+00	0.00e+00	0.00e+00	0.00e+00	0.00e+00	0.00e+00	7.08e-01	2.06e-03	2.34e-03
 1.52859e+19	7.22e-01	2.77e-01	5.45e-04	0.00e+00	0.00e+00	0.00e+00	0.00e+00	0.00e+00	0.00e+00	7.18e-01	2.04e-03	2.32e-03
 1.52893e+19	7.33e-01	2.67e-01	4.78e-04	0.00e+00	0.00e+00	0.00e+00	0.00e+00	0.00e+00	0.00e+00	7.29e-01	2.02e-03	2.29e-03
 1.52928e+19	7.43e-01	2.57e-01	4.19e-04	0.00e+00	0.00e+00	0.00e+00	0.00e+00	0.00e+00	0.00e+00	7.39e-01	2.00e-03	2.27e-03
 1.52962e+19	7.53e-01	2.47e-01	3.67e-04	0.00e+00	0.00e+00	0.00e+00	0.00e+00	0.00e+00	0.00e+00	7.49e-01	1.97e-03	2.24e-03
 1.52996e+19	7.62e-01	2.37e-01	3.21e-04	0.00e+00	0.00e+00	0.00e+00	0.00e+00	0.00e+00	0.00e+00	7.58e-01	1.95e-03	2.21e-03
 1.53030e+19	7.72e-01	2.28e-01	2.81e-04	0.00e+00	0.00e+00	0.00e+00	0.00e+00	0.00e+00	0.00e+00	7.68e-01	1.92e-03	2.18e-03
 1.53063e+19	7.81e-01	2.19e-01	2.46e-04	0.00e+00	0.00e+00	0.00e+00	0.00e+00	0.00e+00	0.00e+00	7.76e-01	1.89e-03	2.14e-03
 1.53096e+19	7.89e-01	2.10e-01	2.15e-04	0.00e+00	0.00e+00	0.00e+00	0.00e+00	0.00e+00	0.00e+00	7.85e-01	1.86e-03	2.11e-03
 1.53130e+19	7.98e-01	2.02e-01	1.87e-04	0.00e+00	0.00e+00	0.00e+00	0.00e+00	0.00e+00	0.00e+00	7.94e-01	1.83e-03	2.08e-03
 1.53163e+19	8.06e-01	1.94e-01	1.63e-04	0.00e+00	0.00e+00	0.00e+00	0.00e+00	0.00e+00	0.00e+00	8.02e-01	1.80e-03	2.04e-03
 1.53196e+19	8.14e-01	1.86e-01	1.42e-04	0.00e+00	0.00e+00	0.00e+00	0.00e+00	0.00e+00	0.00e+00	8.10e-01	1.77e-03	2.01e-03
 1.53229e+19	8.22e-01	1.78e-01	1.24e-04	0.00e+00	0.00e+00	0.00e+00	0.00e+00	0.00e+00	0.00e+00	8.18e-01	1.74e-03	1.97e-03
 1.53262e+19	8.29e-01	1.71e-01	1.08e-04	0.00e+00	0.00e+00	0.00e+00	0.00e+00	0.00e+00	0.00e+00	8.26e-01	1.71e-03	1.94e-03
 1.53294e+19	8.36e-01	1.63e-01	9.38e-05	0.00e+00	0.00e+00	0.00e+00	0.00e+00	0.00e+00	0.00e+00	8.33e-01	1.68e-03	1.91e-03
 1.53327e+19	8.43e-01	1.57e-01	8.17e-05	0.00e+00	0.00e+00	0.00e+00	0.00e+00	0.00e+00	0.00e+00	8.40e-01	1.65e-03	1.87e-03
 1.53359e+19	8.50e-01	1.50e-01	7.10e-05	0.00e+00	0.00e+00	0.00e+00	0.00e+00	0.00e+00	0.00e+00	8.47e-01	1.62e-03	1.84e-03
 1.53391e+19	8.56e-01	1.43e-01	6.16e-05	0.00e+00	0.00e+00	0.00e+00	0.00e+00	0.00e+00	0.00e+00	8.53e-01	1.59e-03	1.80e-03
 1.53423e+19	8.63e-01	1.37e-01	5.35e-05	0.00e+00	0.00e+00	0.00e+00	0.00e+00	0.00e+00	0.00e+00	8.59e-01	1.57e-03	1.77e-03
 1.53454e+19	8.68e-01	1.31e-01	4.66e-05	0.00e+00	0.00e+00	0.00e+00	0.00e+00	0.00e+00	0.00e+00	8.65e-01	1.54e-03	1.74e-03
 1.53485e+19	8.74e-01	1.26e-01	4.06e-05	0.00e+00	0.00e+00	0.00e+00	0.00e+00	0.00e+00	0.00e+00	8.71e-01	1.51e-03	1.71e-03
 1.53516e+19	8.79e-01	1.21e-01	3.54e-05	0.00e+00	0.00e+00	0.00e+00	0.00e+00	0.00e+00	0.00e+00	8.76e-01	1.49e-03	1.68e-03
 1.53546e+19	8.85e-01	1.15e-01	3.08e-05	0.00e+00	0.00e+00	0.00e+00	0.00e+00	0.00e+00	0.00e+00	8.81e-01	1.46e-03	1.65e-03
 1.53576e+19	8.89e-01	1.11e-01	2.69e-05	0.00e+00	0.00e+00	0.00e+00	0.00e+00	0.00e+00	0.00e+00	8.86e-01	1.44e-03	1.62e-03
 1.53605e+19	8.94e-01	1.06e-01	2.35e-05	0.00e+00	0.00e+00	0.00e+00	0.00e+00	0.00e+00	0.00e+00	8.91e-01	1.41e-03	1.59e-03
 1.53634e+19	8.98e-01	1.02e-01	2.06e-05	0.00e+00	0.00e+00	0.00e+00	0.00e+00	0.00e+00	0.00e+00	8.95e-01	1.39e-03	1.57e-03
 1.53663e+19	9.03e-01	9.73e-02	1.80e-05	0.00e+00	0.00e+00	0.00e+00	0.00e+00	0.00e+00	0.00e+00	9.00e-01	1.37e-03	1.54e-03
 1.53691e+19	9.07e-01	9.34e-02	1.58e-05	0.00e+00	0.00e+00	0.00e+00	0.00e+00	0.00e+00	0.00e+00	9.04e-01	1.35e-03	1.52e-03
 1.53719e+19	9.10e-01	8.96e-02	1.38e-05	0.00e+00	0.00e+00	0.00e+00	0.00e+00	0.00e+00	0.00e+00	9.08e-01	1.33e-03	1.49e-03
 1.53747e+19	9.14e-01	8.60e-02	1.21e-05	0.00e+00	0.00e+00	0.00e+00	0.00e+00	0.00e+00	0.00e+00	9.11e-01	1.31e-03	1.47e-03
 1.53775e+19	9.18e-01	8.23e-02	1.06e-05	0.00e+00	0.00e+00	0.00e+00	0.00e+00	0.00e+00	0.00e+00	9.15e-01	1.29e-03	1.45e-03
 1.53802e+19	9.21e-01	7.90e-02	9.34e-06	0.00e+00	0.00e+00	0.00e+00	0.00e+00	0.00e+00	0.00e+00	9.18e-01	1.27e-03	1.43e-03
 1.53829e+19	9.24e-01	7.59e-02	8.22e-06	0.00e+00	0.00e+00	0.00e+00	0.00e+00	0.00e+00	0.00e+00	9.21e-01	1.25e-03	1.40e-03
 1.53856e+19	9.27e-01	7.29e-02	7.25e-06	0.00e+00	0.00e+00	0.00e+00	0.00e+00	0.00e+00	0.00e+00	9.24e-01	1.23e-03	1.38e-03
 1.53882e+19	9.30e-01	6.99e-02	6.38e-06	0.00e+00	0.00e+00	0.00e+00	0.00e+00	0.00e+00	0.00e+00	9.27e-01	1.22e-03	1.37e-03
 1.53908e+19	9.33e-01	6.72e-02	5.62e-06	0.00e+00	0.00e+00	0.00e+00	0.00e+00	0.00e+00	0.00e+00	9.30e-01	1.20e-03	1.35e-03
 1.53935e+19	9.36e-01	6.44e-02	4.95e-06	0.00e+00	0.00e+00	0.00e+00	0.00e+00	0.00e+00	0.00e+00	9.33e-01	1.18e-03	1.33e-03
 1.53960e+19	9.38e-01	6.19e-02	4.38e-06	0.00e+00	0.00e+00	0.00e+00	0.00e+00	0.00e+00	0.00e+00	9.36e-01	1.17e-03	1.31e-03
 1.53986e+19	9.40e-01	5.95e-02	3.87e-06	0.00e+00	0.00e+00	0.00e+00	0.00e+00	0.00e+00	0.00e+00	9.38e-01	1.16e-03	1.29e-03
 1.54011e+19	9.43e-01	5.72e-02	3.42e-06	0.00e+00	0.00e+00	0.00e+00	0.00e+00	0.00e+00	0.00e+00	9.40e-01	1.14e-03	1.28e-03
 1.54037e+19	9.45e-01	5.49e-02	3.02e-06	0.00e+00	0.00e+00	0.00e+00	0.00e+00	0.00e+00	0.00e+00	9.43e-01	1.13e-03	1.26e-03
 1.54062e+19	9.47e-01	5.27e-02	2.67e-06	0.00e+00	0.00e+00	0.00e+00	0.00e+00	0.00e+00	0.00e+00	9.45e-01	1.12e-03	1.25e-03
 1.54086e+19	9.49e-01	5.07e-02	2.36e-06	0.00e+00	0.00e+00	0.00e+00	0.00e+00	0.00e+00	0.00e+00	9.47e-01	1.10e-03	1.23e-03
 1.54111e+19	9.51e-01	4.88e-02	2.10e-06	0.00e+00	0.00e+00	0.00e+00	0.00e+00	0.00e+00	0.00e+00	9.49e-01	1.09e-03	1.22e-03
 1.54135e+19	9.53e-01	4.69e-02	1.86e-06	0.00e+00	0.00e+00	0.00e+00	0.00e+00	0.00e+00	0.00e+00	9.51e-01	1.08e-03	1.20e-03
 1.54160e+19	9.55e-01	4.51e-02	1.65e-06	0.00e+00	0.00e+00	0.00e+00	0.00e+00	0.00e+00	0.00e+00	9.53e-01	1.07e-03	1.19e-03
 1.54184e+19	9.57e-01	4.33e-02	1.46e-06	0.00e+00	0.00e+00	0.00e+00	0.00e+00	0.00e+00	0.00e+00	9.54e-01	1.06e-03	1.18e-03
 1.54208e+19	9.58e-01	4.17e-02	1.30e-06	0.00e+00	0.00e+00	0.00e+00	0.00e+00	0.00e+00	0.00e+00	9.56e-01	1.05e-03	1.17e-03
 1.54232e+19	9.60e-01	4.01e-02	1.15e-06	0.00e+00	0.00e+00	0.00e+00	0.00e+00	0.00e+00	0.00e+00	9.58e-01	1.04e-03	1.16e-03
 1.54256e+19	9.61e-01	3.86e-02	1.02e-06	0.00e+00	0.00e+00	0.00e+00	0.00e+00	0.00e+00	0.00e+00	9.59e-01	1.03e-03	1.14e-03
 1.54280e+19	9.63e-01	3.71e-02	9.09e-07	0.00e+00	0.00e+00	0.00e+00	0.00e+00	0.00e+00	0.00e+00	9.61e-01	1.02e-03	1.13e-03
 1.54304e+19	9.64e-01	3.57e-02	8.08e-07	0.00e+00	0.00e+00	0.00e+00	0.00e+00	0.00e+00	0.00e+00	9.62e-01	1.01e-03	1.12e-03
 1.54328e+19	9.66e-01	3.43e-02	7.19e-07	0.00e+00	0.00e+00	0.00e+00	0.00e+00	0.00e+00	0.00e+00	9.64e-01	1.00e-03	1.11e-03
 1.54351e+19	9.67e-01	3.31e-02	6.40e-07	0.00e+00	0.00e+00	0.00e+00	0.00e+00	0.00e+00	0.00e+00	9.65e-01	9.94e-04	1.10e-03
 1.54374e+19	9.68e-01	3.18e-02	5.70e-07	0.00e+00	0.00e+00	0.00e+00	0.00e+00	0.00e+00	0.00e+00	9.66e-01	9.86e-04	1.09e-03
 1.54398e+19	9.69e-01	3.06e-02	5.08e-07	0.00e+00	0.00e+00	0.00e+00	0.00e+00	0.00e+00	0.00e+00	9.67e-01	9.78e-04	1.09e-03
 1.54421e+19	9.71e-01	2.95e-02	4.52e-07	0.00e+00	0.00e+00	0.00e+00	0.00e+00	0.00e+00	0.00e+00	9.68e-01	9.71e-04	1.08e-03
 1.54444e+19	9.72e-01	2.84e-02	4.03e-07	0.00e+00	0.00e+00	0.00e+00	0.00e+00	0.00e+00	0.00e+00	9.70e-01	9.64e-04	1.07e-03
 1.54467e+19	9.73e-01	2.73e-02	3.60e-07	0.00e+00	0.00e+00	0.00e+00	0.00e+00	0.00e+00	0.00e+00	9.71e-01	9.57e-04	1.06e-03
 1.54490e+19	9.74e-01	2.63e-02	3.21e-07	0.00e+00	0.00e+00	0.00e+00	0.00e+00	0.00e+00	0.00e+00	9.72e-01	9.51e-04	1.05e-03
 1.54513e+19	9.75e-01	2.53e-02	2.86e-07	0.00e+00	0.00e+00	0.00e+00	0.00e+00	0.00e+00	0.00e+00	9.73e-01	9.44e-04	1.04e-03
 1.54536e+19	9.76e-01	2.44e-02	2.55e-07	0.00e+00	0.00e+00	0.00e+00	0.00e+00	0.00e+00	0.00e+00	9.74e-01	9.38e-04	1.04e-03
 1.54559e+19	9.77e-01	2.35e-02	2.28e-07	0.00e+00	0.00e+00	0.00e+00	0.00e+00	0.00e+00	0.00e+00	9.75e-01	9.32e-04	1.03e-03
 1.54581e+19	9.77e-01	2.26e-02	2.04e-07	0.00e+00	0.00e+00	0.00e+00	0.00e+00	0.00e+00	0.00e+00	9.75e-01	9.26e-04	1.02e-03
 1.54604e+19	9.78e-01	2.18e-02	1.82e-07	0.00e+00	0.00e+00	0.00e+00	0.00e+00	0.00e+00	0.00e+00	9.76e-01	9.21e-04	1.02e-03
 1.54627e+19	9.79e-01	2.10e-02	1.63e-07	0.00e+00	0.00e+00	0.00e+00	0.00e+00	0.00e+00	0.00e+00	9.77e-01	9.16e-04	1.01e-03
 1.54650e+19	9.80e-01	2.02e-02	1.45e-07	0.00e+00	0.00e+00	0.00e+00	0.00e+00	0.00e+00	0.00e+00	9.78e-01	9.10e-04	1.00e-03
 1.54672e+19	9.81e-01	1.95e-02	1.30e-07	0.00e+00	0.00e+00	0.00e+00	0.00e+00	0.00e+00	0.00e+00	9.79e-01	9.05e-04	9.99e-04
 1.54694e+19	9.81e-01	1.87e-02	1.17e-07	0.00e+00	0.00e+00	0.00e+00	0.00e+00	0.00e+00	0.00e+00	9.79e-01	9.01e-04	9.93e-04
 1.54717e+19	9.82e-01	1.81e-02	1.04e-07	0.00e+00	0.00e+00	0.00e+00	0.00e+00	0.00e+00	0.00e+00	9.80e-01	8.96e-04	9.88e-04
 1.54739e+19	9.83e-01	1.74e-02	9.33e-08	0.00e+00	0.00e+00	0.00e+00	0.00e+00	0.00e+00	0.00e+00	9.81e-01	8.92e-04	9.82e-04
 1.54762e+19	9.83e-01	1.67e-02	8.36e-08	0.00e+00	0.00e+00	0.00e+00	0.00e+00	0.00e+00	0.00e+00	9.81e-01	8.87e-04	9.77e-04
 1.54784e+19	9.84e-01	1.61e-02	7.49e-08	0.00e+00	0.00e+00	0.00e+00	0.00e+00	0.00e+00	0.00e+00	9.82e-01	8.83e-04	9.72e-04
 1.54806e+19	9.84e-01	1.55e-02	6.72e-08	0.00e+00	0.00e+00	0.00e+00	0.00e+00	0.00e+00	0.00e+00	9.83e-01	8.79e-04	9.67e-04
