#depth	He	He+	He+2
 1.55697e+14	1.10e-05	3.58e-01	6.42e-01
 9.34181e+14	1.11e-05	3.59e-01	6.41e-01
 4.04812e+15	1.11e-05	3.60e-01	6.40e-01
 1.65039e+16	1.13e-05	3.65e-01	6.35e-01
 3.94225e+16	1.15e-05	3.65e-01	6.35e-01
 6.92166e+16	1.19e-05	3.72e-01	6.28e-01
 1.07949e+17	1.27e-05	3.90e-01	6.10e-01
 1.58301e+17	1.40e-05	4.23e-01	5.77e-01
 2.23759e+17	1.62e-05	4.78e-01	5.22e-01
 3.08854e+17	1.98e-05	5.70e-01	4.30e-01
 3.94747e+17	2.42e-05	6.79e-01	3.21e-01
 4.62065e+17	2.79e-05	7.66e-01	2.34e-01
 5.29963e+17	3.13e-05	8.37e-01	1.63e-01
 6.18230e+17	3.48e-05	9.01e-01	9.86e-02
 7.32978e+17	3.81e-05	9.48e-01	5.18e-02
 8.81772e+17	4.12e-05	9.75e-01	2.46e-02
 1.07483e+18	4.42e-05	9.89e-01	1.09e-02
 1.32580e+18	4.75e-05	9.96e-01	4.40e-03
 1.64089e+18	5.15e-05	9.98e-01	1.60e-03
 1.99431e+18	5.59e-05	9.99e-01	5.73e-04
 2.28320e+18	5.97e-05	1.00e+00	2.73e-04
 2.51152e+18	6.27e-05	1.00e+00	1.57e-04
 2.76267e+18	6.61e-05	1.00e+00	9.07e-05
 3.03894e+18	6.99e-05	1.00e+00	5.34e-05
 3.34284e+18	7.44e-05	1.00e+00	3.27e-05
 3.67712e+18	7.94e-05	1.00e+00	2.12e-05
 4.04483e+18	8.51e-05	1.00e+00	1.46e-05
 4.44931e+18	9.17e-05	1.00e+00	1.05e-05
 4.89425e+18	9.92e-05	1.00e+00	7.84e-06
 5.37374e+18	1.08e-04	1.00e+00	5.99e-06
 5.87647e+18	1.17e-04	1.00e+00	4.65e-06
 6.39931e+18	1.27e-04	1.00e+00	3.65e-06
 6.94306e+18	1.39e-04	1.00e+00	2.87e-06
 7.50856e+18	1.51e-04	1.00e+00	2.26e-06
 8.09668e+18	1.64e-04	1.00e+00	1.78e-06
 8.70833e+18	1.79e-04	1.00e+00	1.40e-06
 9.34444e+18	1.95e-04	1.00e+00	1.10e-06
 1.00060e+19	2.13e-04	1.00e+00	8.62e-07
 1.06940e+19	2.33e-04	1.00e+00	6.75e-07
 1.14096e+19	2.55e-04	1.00e+00	5.29e-07
 1.21537e+19	2.80e-04	1.00e+00	4.14e-07
 1.29277e+19	3.08e-04	1.00e+00	3.24e-07
 1.37325e+19	3.39e-04	1.00e+00	2.54e-07
 1.45696e+19	3.74e-04	1.00e+00	1.99e-07
 1.54199e+19	4.13e-04	1.00e+00	1.57e-07
 1.62626e+19	4.56e-04	1.00e+00	1.26e-07
 1.71592e+19	5.07e-04	9.99e-01	1.00e-07
 1.80858e+19	5.66e-04	9.99e-01	8.07e-08
 1.89454e+19	6.29e-04	9.99e-01	6.67e-08
 1.97600e+19	6.98e-04	9.99e-01	5.62e-08
 2.05675e+19	7.78e-04	9.99e-01	4.77e-08
 2.13420e+19	8.67e-04	9.99e-01	4.12e-08
 2.20444e+19	9.64e-04	9.99e-01	3.63e-08
 2.26654e+19	1.07e-03	9.99e-01	3.26e-08
 2.32171e+19	1.17e-03	9.99e-01	2.97e-08
 2.37213e+19	1.29e-03	9.99e-01	2.74e-08
 2.41863e+19	1.42e-03	9.99e-01	2.54e-08
 2.45324e+19	1.54e-03	9.98e-01	2.41e-08
 2.47412e+19	1.62e-03	9.98e-01	2.34e-08
 2.49375e+19	1.70e-03	9.98e-01	2.27e-08
 2.51928e+19	1.83e-03	9.98e-01	2.18e-08
 2.54449e+19	1.96e-03	9.98e-01	2.10e-08
 2.56278e+19	2.08e-03	9.98e-01	2.04e-08
 2.57706e+19	2.18e-03	9.98e-01	2.00e-08
 2.59264e+19	2.30e-03	9.98e-01	1.95e-08
 2.60968e+19	2.45e-03	9.98e-01	1.90e-08
 2.62446e+19	2.60e-03	9.97e-01	1.85e-08
 2.63660e+19	2.73e-03	9.97e-01	1.82e-08
 2.64777e+19	2.88e-03	9.97e-01	1.79e-08
 2.66054e+19	3.06e-03	9.97e-01	1.75e-08
 2.67367e+19	3.27e-03	9.97e-01	1.72e-08
 2.68395e+19	3.45e-03	9.97e-01	1.69e-08
 2.69224e+19	3.62e-03	9.96e-01	1.67e-08
 2.70125e+19	3.83e-03	9.96e-01	1.64e-08
 2.71099e+19	4.08e-03	9.96e-01	1.62e-08
 2.71932e+19	4.33e-03	9.96e-01	1.60e-08
 2.72621e+19	4.56e-03	9.95e-01	1.58e-08
 2.73361e+19	4.84e-03	9.95e-01	1.56e-08
 2.74150e+19	5.18e-03	9.95e-01	1.55e-08
 2.74809e+19	5.49e-03	9.95e-01	1.53e-08
 2.75357e+19	5.80e-03	9.94e-01	1.52e-08
 2.75951e+19	6.19e-03	9.94e-01	1.51e-08
 2.76591e+19	6.65e-03	9.93e-01	1.50e-08
 2.77137e+19	7.10e-03	9.93e-01	1.49e-08
 2.77589e+19	7.54e-03	9.92e-01	1.48e-08
 2.78006e+19	8.00e-03	9.92e-01	1.48e-08
 2.78485e+19	8.63e-03	9.91e-01	1.48e-08
 2.78981e+19	9.36e-03	9.91e-01	1.48e-08
 2.79372e+19	1.00e-02	9.90e-01	1.48e-08
 2.79683e+19	1.07e-02	9.89e-01	1.49e-08
 2.80018e+19	1.15e-02	9.89e-01	1.49e-08
 2.80388e+19	1.25e-02	9.88e-01	1.51e-08
 2.80714e+19	1.35e-02	9.86e-01	1.53e-08
 2.80984e+19	1.45e-02	9.85e-01	1.56e-08
 2.81270e+19	1.59e-02	9.84e-01	1.58e-08
 2.81580e+19	1.75e-02	9.83e-01	1.64e-08
 2.81848e+19	1.92e-02	9.81e-01	1.69e-08
 2.82074e+19	2.09e-02	9.79e-01	1.78e-08
 2.82268e+19	2.26e-02	9.77e-01	1.85e-08
 2.82434e+19	2.43e-02	9.76e-01	1.93e-08
 2.82590e+19	2.62e-02	9.74e-01	2.00e-08
 2.82744e+19	2.82e-02	9.72e-01	2.12e-08
 2.82893e+19	3.06e-02	9.69e-01	2.22e-08
 2.83034e+19	3.29e-02	9.67e-01	2.40e-08
 2.83167e+19	3.55e-02	9.64e-01	2.54e-08
 2.83295e+19	3.85e-02	9.62e-01	2.69e-08
 2.83416e+19	4.14e-02	9.59e-01	2.94e-08
 2.83550e+19	4.53e-02	9.55e-01	3.19e-08
 2.83689e+19	4.98e-02	9.50e-01	3.53e-08
 2.83801e+19	5.39e-02	9.46e-01	3.86e-08
 2.83898e+19	5.81e-02	9.42e-01	4.17e-08
 2.84009e+19	6.34e-02	9.37e-01	4.59e-08
 2.84130e+19	6.98e-02	9.30e-01	5.14e-08
 2.84236e+19	7.63e-02	9.24e-01	5.69e-08
 2.84330e+19	8.25e-02	9.17e-01	6.31e-08
 2.84435e+19	9.08e-02	9.09e-01	7.05e-08
 2.84549e+19	1.00e-01	9.00e-01	8.08e-08
 2.84652e+19	1.10e-01	8.90e-01	9.12e-08
 2.84744e+19	1.21e-01	8.79e-01	1.02e-07
 2.84835e+19	1.32e-01	8.68e-01	1.14e-07
 2.84922e+19	1.43e-01	8.57e-01	1.27e-07
 2.85002e+19	1.55e-01	8.45e-01	1.41e-07
 2.85075e+19	1.67e-01	8.33e-01	1.55e-07
 2.85131e+19	1.76e-01	8.24e-01	1.66e-07
 2.85169e+19	1.83e-01	8.17e-01	1.73e-07
 2.85208e+19	1.91e-01	8.09e-01	1.80e-07
 2.85256e+19	2.01e-01	7.99e-01	1.91e-07
 2.85305e+19	2.11e-01	7.89e-01	2.04e-07
 2.85346e+19	2.20e-01	7.80e-01	2.15e-07
 2.85384e+19	2.29e-01	7.71e-01	2.25e-07
 2.85425e+19	2.39e-01	7.61e-01	2.37e-07
 2.85468e+19	2.49e-01	7.51e-01	2.51e-07
 2.85509e+19	2.60e-01	7.40e-01	2.64e-07
 2.85548e+19	2.70e-01	7.30e-01	2.77e-07
 2.85586e+19	2.81e-01	7.19e-01	2.90e-07
 2.85626e+19	2.92e-01	7.08e-01	3.06e-07
 2.85665e+19	3.04e-01	6.96e-01	3.21e-07
 2.85704e+19	3.16e-01	6.84e-01	3.37e-07
 2.85741e+19	3.28e-01	6.72e-01	3.51e-07
 2.85779e+19	3.40e-01	6.60e-01	3.68e-07
 2.85818e+19	3.53e-01	6.47e-01	3.85e-07
 2.85855e+19	3.66e-01	6.34e-01	4.03e-07
 2.85892e+19	3.79e-01	6.21e-01	4.19e-07
 2.85928e+19	3.92e-01	6.08e-01	4.37e-07
 2.85966e+19	4.06e-01	5.94e-01	4.55e-07
 2.86003e+19	4.20e-01	5.80e-01	4.74e-07
 2.86039e+19	4.34e-01	5.66e-01	4.92e-07
 2.86074e+19	4.48e-01	5.52e-01	5.11e-07
 2.86111e+19	4.62e-01	5.38e-01	5.30e-07
 2.86148e+19	4.77e-01	5.23e-01	5.50e-07
 2.86183e+19	4.91e-01	5.09e-01	5.69e-07
 2.86217e+19	5.06e-01	4.94e-01	5.86e-07
 2.86252e+19	5.20e-01	4.80e-01	6.05e-07
 2.86287e+19	5.35e-01	4.65e-01	6.25e-07
 2.86321e+19	5.49e-01	4.51e-01	6.43e-07
 2.86354e+19	5.63e-01	4.37e-01	6.59e-07
 2.86386e+19	5.77e-01	4.23e-01	6.76e-07
 2.86419e+19	5.91e-01	4.09e-01	6.93e-07
 2.86452e+19	6.04e-01	3.96e-01	7.11e-07
 2.86483e+19	6.17e-01	3.83e-01	7.26e-07
 2.86514e+19	6.30e-01	3.70e-01	7.41e-07
 2.86545e+19	6.43e-01	3.57e-01	7.55e-07
 2.86576e+19	6.56e-01	3.44e-01	7.71e-07
 2.86606e+19	6.68e-01	3.32e-01	7.85e-07
 2.86635e+19	6.80e-01	3.20e-01	7.98e-07
 2.86664e+19	6.92e-01	3.08e-01	8.10e-07
 2.86694e+19	7.03e-01	2.97e-01	8.23e-07
 2.86723e+19	7.14e-01	2.86e-01	8.35e-07
 2.86751e+19	7.25e-01	2.75e-01	8.46e-07
 2.86779e+19	7.35e-01	2.65e-01	8.56e-07
 2.86807e+19	7.46e-01	2.54e-01	8.66e-07
 2.86835e+19	7.56e-01	2.44e-01	8.76e-07
 2.86863e+19	7.65e-01	2.35e-01	8.85e-07
 2.86890e+19	7.75e-01	2.25e-01	8.93e-07
 2.86917e+19	7.84e-01	2.16e-01	9.01e-07
 2.86944e+19	7.92e-01	2.08e-01	9.07e-07
 2.86971e+19	8.01e-01	1.99e-01	9.15e-07
 2.86997e+19	8.09e-01	1.91e-01	9.20e-07
 2.87023e+19	8.17e-01	1.83e-01	9.26e-07
 2.87049e+19	8.25e-01	1.75e-01	9.29e-07
 2.87076e+19	8.32e-01	1.68e-01	9.35e-07
 2.87101e+19	8.39e-01	1.61e-01	9.38e-07
 2.87127e+19	8.46e-01	1.54e-01	9.41e-07
 2.87152e+19	8.53e-01	1.47e-01	9.43e-07
 2.87178e+19	8.59e-01	1.41e-01	9.46e-07
 2.87203e+19	8.65e-01	1.35e-01	9.47e-07
 2.87228e+19	8.71e-01	1.29e-01	9.48e-07
 2.87253e+19	8.77e-01	1.23e-01	9.47e-07
 2.87278e+19	8.82e-01	1.18e-01	9.47e-07
 2.87303e+19	8.88e-01	1.12e-01	9.46e-07
 2.87328e+19	8.93e-01	1.07e-01	9.45e-07
 2.87353e+19	8.98e-01	1.02e-01	9.43e-07
 2.87377e+19	9.02e-01	9.77e-02	9.40e-07
 2.87402e+19	9.07e-01	9.31e-02	9.36e-07
 2.87426e+19	9.11e-01	8.88e-02	9.33e-07
 2.87450e+19	9.15e-01	8.46e-02	9.29e-07
 2.87474e+19	9.19e-01	8.07e-02	9.25e-07
 2.87499e+19	9.23e-01	7.68e-02	9.19e-07
 2.87523e+19	9.27e-01	7.32e-02	9.14e-07
 2.87547e+19	9.30e-01	6.97e-02	9.07e-07
 2.87571e+19	9.34e-01	6.63e-02	9.01e-07
 2.87595e+19	9.37e-01	6.31e-02	8.94e-07
 2.87619e+19	9.40e-01	6.00e-02	8.86e-07
 2.87643e+19	9.43e-01	5.71e-02	8.78e-07
 2.87667e+19	9.46e-01	5.43e-02	8.70e-07
 2.87690e+19	9.48e-01	5.16e-02	8.62e-07
 2.87714e+19	9.51e-01	4.90e-02	8.53e-07
