#depth	O	O+	O+2	O+3	O+4	O+5	O+6	O+7	O+8	O[1]	O[2]	O[3]
 4.23646e+13	1.85e-04	5.11e-01	4.89e-01	2.86e-05	0.00e+00	0.00e+00	0.00e+00	0.00e+00	0.00e+00	1.82e-04	1.35e-06	1.49e-06
 2.54187e+14	1.85e-04	5.11e-01	4.89e-01	2.84e-05	0.00e+00	0.00e+00	0.00e+00	0.00e+00	0.00e+00	1.82e-04	1.35e-06	1.49e-06
 1.10148e+15	1.87e-04	5.12e-01	4.87e-01	2.78e-05	0.00e+00	0.00e+00	0.00e+00	0.00e+00	0.00e+00	1.84e-04	1.36e-06	1.51e-06
 4.49065e+15	1.93e-04	5.17e-01	4.82e-01	2.54e-05	0.00e+00	0.00e+00	0.00e+00	0.00e+00	0.00e+00	1.90e-04	1.41e-06	1.56e-06
 1.07267e+16	2.03e-04	5.26e-01	4.74e-01	2.21e-05	0.00e+00	0.00e+00	0.00e+00	0.00e+00	0.00e+00	2.00e-04	1.47e-06	1.63e-06
 1.88336e+16	2.18e-04	5.37e-01	4.63e-01	1.83e-05	0.00e+00	0.00e+00	0.00e+00	0.00e+00	0.00e+00	2.14e-04	1.56e-06	1.73e-06
 2.93725e+16	2.37e-04	5.51e-01	4.49e-01	1.43e-05	0.00e+00	0.00e+00	0.00e+00	0.00e+00	0.00e+00	2.34e-04	1.68e-06	1.86e-06
 4.30732e+16	2.66e-04	5.70e-01	4.30e-01	1.04e-05	0.00e+00	0.00e+00	0.00e+00	0.00e+00	0.00e+00	2.62e-04	1.85e-06	2.04e-06
 5.99249e+16	3.03e-04	5.91e-01	4.08e-01	7.03e-06	0.00e+00	0.00e+00	0.00e+00	0.00e+00	0.00e+00	2.98e-04	2.07e-06	2.29e-06
 7.85049e+16	3.47e-04	6.14e-01	3.85e-01	4.57e-06	0.00e+00	0.00e+00	0.00e+00	0.00e+00	0.00e+00	3.42e-04	2.34e-06	2.58e-06
 9.78281e+16	3.97e-04	6.37e-01	3.62e-01	2.92e-06	0.00e+00	0.00e+00	0.00e+00	0.00e+00	0.00e+00	3.92e-04	2.65e-06	2.91e-06
 1.17924e+17	4.55e-04	6.60e-01	3.39e-01	1.83e-06	0.00e+00	0.00e+00	0.00e+00	0.00e+00	0.00e+00	4.48e-04	2.99e-06	3.28e-06
 1.38824e+17	5.20e-04	6.83e-01	3.17e-01	1.13e-06	0.00e+00	0.00e+00	0.00e+00	0.00e+00	0.00e+00	5.13e-04	3.38e-06	3.70e-06
 1.60560e+17	5.93e-04	7.05e-01	2.94e-01	6.82e-07	0.00e+00	0.00e+00	0.00e+00	0.00e+00	0.00e+00	5.85e-04	3.81e-06	4.17e-06
 1.83166e+17	6.77e-04	7.27e-01	2.72e-01	4.06e-07	0.00e+00	0.00e+00	0.00e+00	0.00e+00	0.00e+00	6.68e-04	4.30e-06	4.70e-06
 2.06675e+17	7.71e-04	7.49e-01	2.51e-01	2.37e-07	0.00e+00	0.00e+00	0.00e+00	0.00e+00	0.00e+00	7.61e-04	4.85e-06	5.28e-06
 2.31125e+17	8.78e-04	7.70e-01	2.30e-01	1.36e-07	0.00e+00	0.00e+00	0.00e+00	0.00e+00	0.00e+00	8.67e-04	5.46e-06	5.94e-06
 2.55941e+17	9.96e-04	7.89e-01	2.10e-01	0.00e+00	0.00e+00	0.00e+00	0.00e+00	0.00e+00	0.00e+00	9.83e-04	6.13e-06	6.65e-06
 2.80603e+17	1.12e-03	8.08e-01	1.91e-01	0.00e+00	0.00e+00	0.00e+00	0.00e+00	0.00e+00	0.00e+00	1.11e-03	6.85e-06	7.41e-06
 3.06865e+17	1.27e-03	8.26e-01	1.72e-01	0.00e+00	0.00e+00	0.00e+00	0.00e+00	0.00e+00	0.00e+00	1.26e-03	7.68e-06	8.29e-06
 3.34380e+17	1.44e-03	8.44e-01	1.55e-01	0.00e+00	0.00e+00	0.00e+00	0.00e+00	0.00e+00	0.00e+00	1.42e-03	8.60e-06	9.26e-06
 3.60785e+17	1.61e-03	8.60e-01	1.39e-01	0.00e+00	0.00e+00	0.00e+00	0.00e+00	0.00e+00	0.00e+00	1.59e-03	9.56e-06	1.03e-05
 3.89189e+17	1.82e-03	8.75e-01	1.23e-01	0.00e+00	0.00e+00	0.00e+00	0.00e+00	0.00e+00	0.00e+00	1.80e-03	1.07e-05	1.15e-05
 4.19322e+17	2.06e-03	8.90e-01	1.08e-01	0.00e+00	0.00e+00	0.00e+00	0.00e+00	0.00e+00	0.00e+00	2.04e-03	1.20e-05	1.28e-05
 4.46753e+17	2.30e-03	9.03e-01	9.48e-02	0.00e+00	0.00e+00	0.00e+00	0.00e+00	0.00e+00	0.00e+00	2.27e-03	1.33e-05	1.41e-05
 4.71821e+17	2.54e-03	9.13e-01	8.41e-02	0.00e+00	0.00e+00	0.00e+00	0.00e+00	0.00e+00	0.00e+00	2.51e-03	1.46e-05	1.55e-05
 4.99891e+17	2.84e-03	9.24e-01	7.30e-02	0.00e+00	0.00e+00	0.00e+00	0.00e+00	0.00e+00	0.00e+00	2.81e-03	1.62e-05	1.71e-05
 5.31067e+17	3.21e-03	9.35e-01	6.18e-02	0.00e+00	0.00e+00	0.00e+00	0.00e+00	0.00e+00	0.00e+00	3.18e-03	1.81e-05	1.91e-05
 5.59583e+17	3.58e-03	9.44e-01	5.25e-02	0.00e+00	0.00e+00	0.00e+00	0.00e+00	0.00e+00	0.00e+00	3.54e-03	2.01e-05	2.12e-05
 5.85493e+17	3.96e-03	9.51e-01	4.48e-02	0.00e+00	0.00e+00	0.00e+00	0.00e+00	0.00e+00	0.00e+00	3.91e-03	2.21e-05	2.33e-05
 6.10804e+17	4.37e-03	9.58e-01	3.80e-02	0.00e+00	0.00e+00	0.00e+00	0.00e+00	0.00e+00	0.00e+00	4.32e-03	2.43e-05	2.56e-05
 6.35178e+17	4.81e-03	9.63e-01	3.19e-02	0.00e+00	0.00e+00	0.00e+00	0.00e+00	0.00e+00	0.00e+00	4.76e-03	2.67e-05	2.80e-05
 6.57305e+17	5.26e-03	9.68e-01	2.68e-02	0.00e+00	0.00e+00	0.00e+00	0.00e+00	0.00e+00	0.00e+00	5.20e-03	2.91e-05	3.05e-05
 6.76771e+17	5.69e-03	9.72e-01	2.26e-02	0.00e+00	0.00e+00	0.00e+00	0.00e+00	0.00e+00	0.00e+00	5.62e-03	3.14e-05	3.29e-05
 6.94122e+17	6.11e-03	9.75e-01	1.92e-02	0.00e+00	0.00e+00	0.00e+00	0.00e+00	0.00e+00	0.00e+00	6.04e-03	3.36e-05	3.52e-05
 7.09954e+17	6.52e-03	9.77e-01	1.62e-02	0.00e+00	0.00e+00	0.00e+00	0.00e+00	0.00e+00	0.00e+00	6.45e-03	3.59e-05	3.75e-05
 7.24478e+17	6.94e-03	9.79e-01	1.36e-02	0.00e+00	0.00e+00	0.00e+00	0.00e+00	0.00e+00	0.00e+00	6.86e-03	3.81e-05	3.99e-05
 7.37671e+17	7.34e-03	9.81e-01	1.15e-02	0.00e+00	0.00e+00	0.00e+00	0.00e+00	0.00e+00	0.00e+00	7.26e-03	4.03e-05	4.21e-05
 7.49565e+17	7.73e-03	9.83e-01	9.60e-03	0.00e+00	0.00e+00	0.00e+00	0.00e+00	0.00e+00	0.00e+00	7.64e-03	4.24e-05	4.43e-05
 7.60339e+17	8.10e-03	9.84e-01	8.02e-03	0.00e+00	0.00e+00	0.00e+00	0.00e+00	0.00e+00	0.00e+00	8.01e-03	4.44e-05	4.64e-05
 7.70221e+17	8.46e-03	9.85e-01	6.66e-03	0.00e+00	0.00e+00	0.00e+00	0.00e+00	0.00e+00	0.00e+00	8.36e-03	4.63e-05	4.84e-05
 7.79395e+17	8.80e-03	9.86e-01	5.49e-03	0.00e+00	0.00e+00	0.00e+00	0.00e+00	0.00e+00	0.00e+00	8.71e-03	4.82e-05	5.03e-05
 7.88001e+17	9.14e-03	9.86e-01	4.47e-03	0.00e+00	0.00e+00	0.00e+00	0.00e+00	0.00e+00	0.00e+00	9.04e-03	5.00e-05	5.22e-05
 7.96174e+17	9.48e-03	9.87e-01	3.60e-03	0.00e+00	0.00e+00	0.00e+00	0.00e+00	0.00e+00	0.00e+00	9.37e-03	5.18e-05	5.40e-05
 8.04082e+17	9.81e-03	9.87e-01	2.86e-03	0.00e+00	0.00e+00	0.00e+00	0.00e+00	0.00e+00	0.00e+00	9.71e-03	5.35e-05	5.58e-05
 8.13078e+17	1.02e-02	9.88e-01	2.14e-03	0.00e+00	0.00e+00	0.00e+00	0.00e+00	0.00e+00	0.00e+00	1.01e-02	5.57e-05	5.81e-05
 8.22909e+17	1.07e-02	9.88e-01	1.52e-03	0.00e+00	0.00e+00	0.00e+00	0.00e+00	0.00e+00	0.00e+00	1.06e-02	5.81e-05	6.05e-05
 8.32222e+17	1.12e-02	9.88e-01	1.07e-03	0.00e+00	0.00e+00	0.00e+00	0.00e+00	0.00e+00	0.00e+00	1.10e-02	6.06e-05	6.30e-05
 8.42725e+17	1.17e-02	9.88e-01	7.12e-04	0.00e+00	0.00e+00	0.00e+00	0.00e+00	0.00e+00	0.00e+00	1.16e-02	6.36e-05	6.61e-05
 8.56378e+17	1.26e-02	9.87e-01	4.17e-04	0.00e+00	0.00e+00	0.00e+00	0.00e+00	0.00e+00	0.00e+00	1.25e-02	6.83e-05	7.09e-05
 8.74127e+17	1.40e-02	9.86e-01	2.07e-04	0.00e+00	0.00e+00	0.00e+00	0.00e+00	0.00e+00	0.00e+00	1.38e-02	7.55e-05	7.84e-05
 8.97202e+17	1.61e-02	9.84e-01	8.36e-05	0.00e+00	0.00e+00	0.00e+00	0.00e+00	0.00e+00	0.00e+00	1.59e-02	8.70e-05	9.05e-05
 9.20908e+17	1.89e-02	9.81e-01	3.26e-05	0.00e+00	0.00e+00	0.00e+00	0.00e+00	0.00e+00	0.00e+00	1.87e-02	1.02e-04	1.07e-04
 9.39702e+17	2.18e-02	9.78e-01	1.56e-05	0.00e+00	0.00e+00	0.00e+00	0.00e+00	0.00e+00	0.00e+00	2.15e-02	1.18e-04	1.23e-04
 9.55493e+17	2.48e-02	9.75e-01	8.47e-06	0.00e+00	0.00e+00	0.00e+00	0.00e+00	0.00e+00	0.00e+00	2.45e-02	1.34e-04	1.41e-04
 9.73114e+17	2.90e-02	9.71e-01	4.23e-06	0.00e+00	0.00e+00	0.00e+00	0.00e+00	0.00e+00	0.00e+00	2.86e-02	1.57e-04	1.66e-04
 9.92000e+17	3.49e-02	9.65e-01	2.01e-06	0.00e+00	0.00e+00	0.00e+00	0.00e+00	0.00e+00	0.00e+00	3.45e-02	1.90e-04	2.01e-04
 1.00968e+18	4.25e-02	9.57e-01	9.84e-07	0.00e+00	0.00e+00	0.00e+00	0.00e+00	0.00e+00	0.00e+00	4.21e-02	2.32e-04	2.47e-04
 1.02640e+18	5.27e-02	9.47e-01	4.90e-07	0.00e+00	0.00e+00	0.00e+00	0.00e+00	0.00e+00	0.00e+00	5.21e-02	2.87e-04	3.08e-04
 1.04106e+18	6.55e-02	9.35e-01	2.59e-07	0.00e+00	0.00e+00	0.00e+00	0.00e+00	0.00e+00	0.00e+00	6.47e-02	3.57e-04	3.84e-04
 1.05184e+18	7.89e-02	9.21e-01	1.59e-07	0.00e+00	0.00e+00	0.00e+00	0.00e+00	0.00e+00	0.00e+00	7.80e-02	4.28e-04	4.64e-04
 1.05894e+18	9.04e-02	9.10e-01	1.13e-07	0.00e+00	0.00e+00	0.00e+00	0.00e+00	0.00e+00	0.00e+00	8.94e-02	4.89e-04	5.31e-04
 1.06583e+18	1.04e-01	8.96e-01	7.92e-08	0.00e+00	0.00e+00	0.00e+00	0.00e+00	0.00e+00	0.00e+00	1.03e-01	5.60e-04	6.10e-04
 1.07350e+18	1.23e-01	8.77e-01	5.27e-08	0.00e+00	0.00e+00	0.00e+00	0.00e+00	0.00e+00	0.00e+00	1.22e-01	6.54e-04	7.16e-04
 1.08035e+18	1.46e-01	8.54e-01	3.58e-08	0.00e+00	0.00e+00	0.00e+00	0.00e+00	0.00e+00	0.00e+00	1.44e-01	7.64e-04	8.38e-04
 1.08586e+18	1.68e-01	8.32e-01	2.57e-08	0.00e+00	0.00e+00	0.00e+00	0.00e+00	0.00e+00	0.00e+00	1.67e-01	8.70e-04	9.58e-04
 1.09057e+18	1.93e-01	8.07e-01	1.90e-08	0.00e+00	0.00e+00	0.00e+00	0.00e+00	0.00e+00	0.00e+00	1.90e-01	9.76e-04	1.08e-03
 1.09579e+18	2.25e-01	7.75e-01	1.33e-08	0.00e+00	0.00e+00	0.00e+00	0.00e+00	0.00e+00	0.00e+00	2.23e-01	1.11e-03	1.23e-03
 1.10126e+18	2.68e-01	7.32e-01	8.95e-09	0.00e+00	0.00e+00	0.00e+00	0.00e+00	0.00e+00	0.00e+00	2.65e-01	1.27e-03	1.41e-03
 1.10586e+18	3.13e-01	6.87e-01	6.27e-09	0.00e+00	0.00e+00	0.00e+00	0.00e+00	0.00e+00	0.00e+00	3.10e-01	1.42e-03	1.57e-03
 1.10943e+18	3.55e-01	6.45e-01	4.69e-09	0.00e+00	0.00e+00	0.00e+00	0.00e+00	0.00e+00	0.00e+00	3.52e-01	1.54e-03	1.70e-03
 1.11203e+18	3.89e-01	6.11e-01	3.76e-09	0.00e+00	0.00e+00	0.00e+00	0.00e+00	0.00e+00	0.00e+00	3.86e-01	1.62e-03	1.78e-03
 1.11404e+18	4.18e-01	5.82e-01	3.16e-09	0.00e+00	0.00e+00	0.00e+00	0.00e+00	0.00e+00	0.00e+00	4.14e-01	1.68e-03	1.84e-03
 1.11583e+18	4.45e-01	5.55e-01	2.69e-09	0.00e+00	0.00e+00	0.00e+00	0.00e+00	0.00e+00	0.00e+00	4.41e-01	1.72e-03	1.89e-03
 1.11754e+18	4.72e-01	5.28e-01	2.31e-09	0.00e+00	0.00e+00	0.00e+00	0.00e+00	0.00e+00	0.00e+00	4.68e-01	1.76e-03	1.93e-03
 1.11913e+18	4.98e-01	5.02e-01	2.00e-09	0.00e+00	0.00e+00	0.00e+00	0.00e+00	0.00e+00	0.00e+00	4.94e-01	1.79e-03	1.95e-03
 1.12056e+18	5.22e-01	4.78e-01	1.75e-09	0.00e+00	0.00e+00	0.00e+00	0.00e+00	0.00e+00	0.00e+00	5.18e-01	1.80e-03	1.96e-03
 1.12184e+18	5.44e-01	4.56e-01	1.56e-09	0.00e+00	0.00e+00	0.00e+00	0.00e+00	0.00e+00	0.00e+00	5.40e-01	1.81e-03	1.97e-03
 1.12303e+18	5.65e-01	4.35e-01	1.40e-09	0.00e+00	0.00e+00	0.00e+00	0.00e+00	0.00e+00	0.00e+00	5.61e-01	1.82e-03	1.97e-03
 1.12414e+18	5.84e-01	4.16e-01	1.26e-09	0.00e+00	0.00e+00	0.00e+00	0.00e+00	0.00e+00	0.00e+00	5.81e-01	1.82e-03	1.96e-03
 1.12503e+18	5.99e-01	4.01e-01	1.17e-09	0.00e+00	0.00e+00	0.00e+00	0.00e+00	0.00e+00	0.00e+00	5.95e-01	1.81e-03	1.95e-03
 1.12567e+18	6.11e-01	3.89e-01	1.10e-09	0.00e+00	0.00e+00	0.00e+00	0.00e+00	0.00e+00	0.00e+00	6.07e-01	1.81e-03	1.94e-03
 1.12628e+18	6.22e-01	3.78e-01	1.04e-09	0.00e+00	0.00e+00	0.00e+00	0.00e+00	0.00e+00	0.00e+00	6.18e-01	1.80e-03	1.93e-03
 1.12695e+18	6.34e-01	3.66e-01	9.84e-10	0.00e+00	0.00e+00	0.00e+00	0.00e+00	0.00e+00	0.00e+00	6.30e-01	1.79e-03	1.92e-03
 1.12765e+18	6.46e-01	3.54e-01	9.22e-10	0.00e+00	0.00e+00	0.00e+00	0.00e+00	0.00e+00	0.00e+00	6.43e-01	1.78e-03	1.90e-03
 1.12833e+18	6.58e-01	3.42e-01	8.69e-10	0.00e+00	0.00e+00	0.00e+00	0.00e+00	0.00e+00	0.00e+00	6.55e-01	1.77e-03	1.88e-03
 1.12898e+18	6.70e-01	3.30e-01	8.20e-10	0.00e+00	0.00e+00	0.00e+00	0.00e+00	0.00e+00	0.00e+00	6.66e-01	1.75e-03	1.86e-03
 1.12962e+18	6.81e-01	3.19e-01	7.76e-10	0.00e+00	0.00e+00	0.00e+00	0.00e+00	0.00e+00	0.00e+00	6.77e-01	1.74e-03	1.84e-03
 1.13023e+18	6.91e-01	3.09e-01	7.36e-10	0.00e+00	0.00e+00	0.00e+00	0.00e+00	0.00e+00	0.00e+00	6.88e-01	1.72e-03	1.82e-03
 1.13082e+18	7.01e-01	2.99e-01	7.00e-10	0.00e+00	0.00e+00	0.00e+00	0.00e+00	0.00e+00	0.00e+00	6.98e-01	1.70e-03	1.80e-03
 1.13141e+18	7.11e-01	2.89e-01	6.65e-10	0.00e+00	0.00e+00	0.00e+00	0.00e+00	0.00e+00	0.00e+00	7.08e-01	1.69e-03	1.77e-03
 1.13196e+18	7.20e-01	2.80e-01	6.36e-10	0.00e+00	0.00e+00	0.00e+00	0.00e+00	0.00e+00	0.00e+00	7.17e-01	1.67e-03	1.75e-03
 1.13252e+18	7.29e-01	2.71e-01	6.07e-10	0.00e+00	0.00e+00	0.00e+00	0.00e+00	0.00e+00	0.00e+00	7.26e-01	1.65e-03	1.73e-03
 1.13307e+18	7.38e-01	2.62e-01	5.79e-10	0.00e+00	0.00e+00	0.00e+00	0.00e+00	0.00e+00	0.00e+00	7.35e-01	1.63e-03	1.70e-03
 1.13358e+18	7.47e-01	2.53e-01	5.56e-10	0.00e+00	0.00e+00	0.00e+00	0.00e+00	0.00e+00	0.00e+00	7.43e-01	1.61e-03	1.68e-03
 1.13409e+18	7.55e-01	2.45e-01	5.32e-10	0.00e+00	0.00e+00	0.00e+00	0.00e+00	0.00e+00	0.00e+00	7.52e-01	1.59e-03	1.65e-03
 1.13460e+18	7.62e-01	2.38e-01	5.12e-10	0.00e+00	0.00e+00	0.00e+00	0.00e+00	0.00e+00	0.00e+00	7.59e-01	1.57e-03	1.63e-03
 1.13508e+18	7.70e-01	2.30e-01	4.92e-10	0.00e+00	0.00e+00	0.00e+00	0.00e+00	0.00e+00	0.00e+00	7.67e-01	1.56e-03	1.61e-03
 1.13557e+18	7.77e-01	2.23e-01	4.74e-10	0.00e+00	0.00e+00	0.00e+00	0.00e+00	0.00e+00	0.00e+00	7.74e-01	1.54e-03	1.58e-03
 1.13605e+18	7.84e-01	2.16e-01	4.56e-10	0.00e+00	0.00e+00	0.00e+00	0.00e+00	0.00e+00	0.00e+00	7.81e-01	1.52e-03	1.56e-03
 1.13651e+18	7.91e-01	2.09e-01	4.40e-10	0.00e+00	0.00e+00	0.00e+00	0.00e+00	0.00e+00	0.00e+00	7.88e-01	1.50e-03	1.54e-03
 1.13695e+18	7.97e-01	2.03e-01	4.25e-10	0.00e+00	0.00e+00	0.00e+00	0.00e+00	0.00e+00	0.00e+00	7.94e-01	1.48e-03	1.51e-03
 1.13739e+18	8.03e-01	1.97e-01	4.11e-10	0.00e+00	0.00e+00	0.00e+00	0.00e+00	0.00e+00	0.00e+00	8.00e-01	1.46e-03	1.49e-03
 1.13783e+18	8.09e-01	1.91e-01	3.98e-10	0.00e+00	0.00e+00	0.00e+00	0.00e+00	0.00e+00	0.00e+00	8.06e-01	1.44e-03	1.47e-03
 1.13828e+18	8.16e-01	1.84e-01	3.84e-10	0.00e+00	0.00e+00	0.00e+00	0.00e+00	0.00e+00	0.00e+00	8.13e-01	1.42e-03	1.44e-03
 1.13873e+18	8.21e-01	1.79e-01	3.72e-10	0.00e+00	0.00e+00	0.00e+00	0.00e+00	0.00e+00	0.00e+00	8.19e-01	1.40e-03	1.42e-03
 1.13914e+18	8.27e-01	1.73e-01	3.61e-10	0.00e+00	0.00e+00	0.00e+00	0.00e+00	0.00e+00	0.00e+00	8.24e-01	1.38e-03	1.40e-03
 1.13955e+18	8.32e-01	1.68e-01	3.50e-10	0.00e+00	0.00e+00	0.00e+00	0.00e+00	0.00e+00	0.00e+00	8.29e-01	1.36e-03	1.38e-03
 1.13996e+18	8.37e-01	1.63e-01	3.40e-10	0.00e+00	0.00e+00	0.00e+00	0.00e+00	0.00e+00	0.00e+00	8.34e-01	1.34e-03	1.36e-03
 1.14036e+18	8.42e-01	1.58e-01	3.29e-10	0.00e+00	0.00e+00	0.00e+00	0.00e+00	0.00e+00	0.00e+00	8.40e-01	1.32e-03	1.34e-03
 1.14077e+18	8.47e-01	1.53e-01	3.20e-10	0.00e+00	0.00e+00	0.00e+00	0.00e+00	0.00e+00	0.00e+00	8.45e-01	1.30e-03	1.31e-03
 1.14117e+18	8.52e-01	1.48e-01	3.11e-10	0.00e+00	0.00e+00	0.00e+00	0.00e+00	0.00e+00	0.00e+00	8.49e-01	1.29e-03	1.29e-03
 1.14157e+18	8.57e-01	1.43e-01	3.02e-10	0.00e+00	0.00e+00	0.00e+00	0.00e+00	0.00e+00	0.00e+00	8.54e-01	1.27e-03	1.27e-03
 1.14198e+18	8.61e-01	1.39e-01	2.93e-10	0.00e+00	0.00e+00	0.00e+00	0.00e+00	0.00e+00	0.00e+00	8.59e-01	1.25e-03	1.25e-03
 1.14241e+18	8.66e-01	1.34e-01	2.85e-10	0.00e+00	0.00e+00	0.00e+00	0.00e+00	0.00e+00	0.00e+00	8.64e-01	1.23e-03	1.23e-03
 1.14283e+18	8.71e-01	1.29e-01	2.76e-10	0.00e+00	0.00e+00	0.00e+00	0.00e+00	0.00e+00	0.00e+00	8.68e-01	1.21e-03	1.21e-03
 1.14326e+18	8.75e-01	1.25e-01	2.68e-10	0.00e+00	0.00e+00	0.00e+00	0.00e+00	0.00e+00	0.00e+00	8.73e-01	1.19e-03	1.19e-03
 1.14373e+18	8.80e-01	1.20e-01	2.60e-10	0.00e+00	0.00e+00	0.00e+00	0.00e+00	0.00e+00	0.00e+00	8.78e-01	1.17e-03	1.17e-03
 1.14422e+18	8.85e-01	1.15e-01	2.51e-10	0.00e+00	0.00e+00	0.00e+00	0.00e+00	0.00e+00	0.00e+00	8.83e-01	1.15e-03	1.14e-03
 1.14471e+18	8.90e-01	1.10e-01	2.43e-10	0.00e+00	0.00e+00	0.00e+00	0.00e+00	0.00e+00	0.00e+00	8.88e-01	1.13e-03	1.12e-03
 1.14519e+18	8.95e-01	1.05e-01	2.35e-10	0.00e+00	0.00e+00	0.00e+00	0.00e+00	0.00e+00	0.00e+00	8.92e-01	1.11e-03	1.10e-03
 1.14565e+18	8.99e-01	1.01e-01	2.28e-10	0.00e+00	0.00e+00	0.00e+00	0.00e+00	0.00e+00	0.00e+00	8.97e-01	1.09e-03	1.08e-03
 1.14611e+18	9.03e-01	9.68e-02	2.21e-10	0.00e+00	0.00e+00	0.00e+00	0.00e+00	0.00e+00	0.00e+00	9.01e-01	1.07e-03	1.06e-03
 1.14656e+18	9.07e-01	9.28e-02	2.14e-10	0.00e+00	0.00e+00	0.00e+00	0.00e+00	0.00e+00	0.00e+00	9.05e-01	1.06e-03	1.04e-03
 1.14700e+18	9.11e-01	8.88e-02	2.07e-10	0.00e+00	0.00e+00	0.00e+00	0.00e+00	0.00e+00	0.00e+00	9.09e-01	1.04e-03	1.02e-03
 1.14744e+18	9.15e-01	8.51e-02	2.01e-10	0.00e+00	0.00e+00	0.00e+00	0.00e+00	0.00e+00	0.00e+00	9.13e-01	1.02e-03	1.00e-03
 1.14786e+18	9.18e-01	8.15e-02	1.95e-10	0.00e+00	0.00e+00	0.00e+00	0.00e+00	0.00e+00	0.00e+00	9.16e-01	1.01e-03	9.84e-04
 1.14828e+18	9.22e-01	7.82e-02	1.89e-10	0.00e+00	0.00e+00	0.00e+00	0.00e+00	0.00e+00	0.00e+00	9.20e-01	9.90e-04	9.67e-04
 1.14866e+18	9.25e-01	7.51e-02	1.84e-10	0.00e+00	0.00e+00	0.00e+00	0.00e+00	0.00e+00	0.00e+00	9.23e-01	9.76e-04	9.52e-04
 1.14901e+18	9.28e-01	7.24e-02	1.79e-10	0.00e+00	0.00e+00	0.00e+00	0.00e+00	0.00e+00	0.00e+00	9.26e-01	9.63e-04	9.38e-04
 1.14933e+18	9.30e-01	7.00e-02	1.75e-10	0.00e+00	0.00e+00	0.00e+00	0.00e+00	0.00e+00	0.00e+00	9.28e-01	9.51e-04	9.26e-04
 1.14962e+18	9.32e-01	6.78e-02	1.71e-10	0.00e+00	0.00e+00	0.00e+00	0.00e+00	0.00e+00	0.00e+00	9.30e-01	9.41e-04	9.15e-04
 1.14988e+18	9.34e-01	6.59e-02	1.68e-10	0.00e+00	0.00e+00	0.00e+00	0.00e+00	0.00e+00	0.00e+00	9.32e-01	9.31e-04	9.05e-04
 1.15012e+18	9.36e-01	6.42e-02	1.65e-10	0.00e+00	0.00e+00	0.00e+00	0.00e+00	0.00e+00	0.00e+00	9.34e-01	9.23e-04	8.97e-04
 1.15034e+18	9.37e-01	6.27e-02	1.62e-10	0.00e+00	0.00e+00	0.00e+00	0.00e+00	0.00e+00	0.00e+00	9.36e-01	9.14e-04	8.89e-04
 1.15053e+18	9.39e-01	6.13e-02	1.60e-10	0.00e+00	0.00e+00	0.00e+00	0.00e+00	0.00e+00	0.00e+00	9.37e-01	9.04e-04	8.82e-04
 1.15075e+18	9.40e-01	5.98e-02	1.57e-10	0.00e+00	0.00e+00	0.00e+00	0.00e+00	0.00e+00	0.00e+00	9.38e-01	8.94e-04	8.74e-04
 1.15099e+18	9.42e-01	5.82e-02	1.54e-10	0.00e+00	0.00e+00	0.00e+00	0.00e+00	0.00e+00	0.00e+00	9.40e-01	8.84e-04	8.66e-04
 1.15120e+18	9.43e-01	5.69e-02	1.51e-10	0.00e+00	0.00e+00	0.00e+00	0.00e+00	0.00e+00	0.00e+00	9.41e-01	8.75e-04	8.59e-04
 1.15139e+18	9.44e-01	5.56e-02	1.49e-10	0.00e+00	0.00e+00	0.00e+00	0.00e+00	0.00e+00	0.00e+00	9.43e-01	8.66e-04	8.52e-04
 1.15157e+18	9.46e-01	5.45e-02	1.47e-10	0.00e+00	0.00e+00	0.00e+00	0.00e+00	0.00e+00	0.00e+00	9.44e-01	8.58e-04	8.46e-04
 1.15176e+18	9.47e-01	5.32e-02	1.44e-10	0.00e+00	0.00e+00	0.00e+00	0.00e+00	0.00e+00	0.00e+00	9.45e-01	8.50e-04	8.40e-04
 1.15197e+18	9.48e-01	5.20e-02	1.42e-10	0.00e+00	0.00e+00	0.00e+00	0.00e+00	0.00e+00	0.00e+00	9.46e-01	8.42e-04	8.33e-04
 1.15216e+18	9.49e-01	5.08e-02	1.39e-10	0.00e+00	0.00e+00	0.00e+00	0.00e+00	0.00e+00	0.00e+00	9.48e-01	8.34e-04	8.27e-04
 1.15234e+18	9.50e-01	4.98e-02	1.37e-10	0.00e+00	0.00e+00	0.00e+00	0.00e+00	0.00e+00	0.00e+00	9.49e-01	8.27e-04	8.22e-04
 1.15253e+18	9.51e-01	4.86e-02	1.34e-10	0.00e+00	0.00e+00	0.00e+00	0.00e+00	0.00e+00	0.00e+00	9.50e-01	8.20e-04	8.16e-04
 1.15273e+18	9.53e-01	4.75e-02	1.32e-10	0.00e+00	0.00e+00	0.00e+00	0.00e+00	0.00e+00	0.00e+00	9.51e-01	8.13e-04	8.10e-04
 1.15296e+18	9.54e-01	4.63e-02	1.29e-10	0.00e+00	0.00e+00	0.00e+00	0.00e+00	0.00e+00	0.00e+00	9.52e-01	8.06e-04	8.04e-04
 1.15320e+18	9.55e-01	4.50e-02	1.26e-10	0.00e+00	0.00e+00	0.00e+00	0.00e+00	0.00e+00	0.00e+00	9.53e-01	7.98e-04	7.97e-04
 1.15342e+18	9.56e-01	4.38e-02	1.24e-10	0.00e+00	0.00e+00	0.00e+00	0.00e+00	0.00e+00	0.00e+00	9.55e-01	7.91e-04	7.91e-04
 1.15362e+18	9.57e-01	4.28e-02	1.21e-10	0.00e+00	0.00e+00	0.00e+00	0.00e+00	0.00e+00	0.00e+00	9.56e-01	7.84e-04	7.86e-04
 1.15380e+18	9.58e-01	4.19e-02	1.19e-10	0.00e+00	0.00e+00	0.00e+00	0.00e+00	0.00e+00	0.00e+00	9.57e-01	7.78e-04	7.81e-04
 1.15400e+18	9.59e-01	4.09e-02	1.17e-10	0.00e+00	0.00e+00	0.00e+00	0.00e+00	0.00e+00	0.00e+00	9.58e-01	7.72e-04	7.75e-04
 1.15422e+18	9.60e-01	3.99e-02	1.14e-10	0.00e+00	0.00e+00	0.00e+00	0.00e+00	0.00e+00	0.00e+00	9.59e-01	7.66e-04	7.70e-04
 1.15441e+18	9.61e-01	3.89e-02	1.12e-10	0.00e+00	0.00e+00	0.00e+00	0.00e+00	0.00e+00	0.00e+00	9.60e-01	7.61e-04	7.65e-04
 1.15459e+18	9.62e-01	3.81e-02	1.10e-10	0.00e+00	0.00e+00	0.00e+00	0.00e+00	0.00e+00	0.00e+00	9.60e-01	7.55e-04	7.60e-04
 1.15479e+18	9.63e-01	3.71e-02	1.07e-10	0.00e+00	0.00e+00	0.00e+00	0.00e+00	0.00e+00	0.00e+00	9.61e-01	7.49e-04	7.55e-04
 1.15500e+18	9.64e-01	3.62e-02	1.05e-10	0.00e+00	0.00e+00	0.00e+00	0.00e+00	0.00e+00	0.00e+00	9.62e-01	7.44e-04	7.50e-04
 1.15519e+18	9.65e-01	3.54e-02	1.03e-10	0.00e+00	0.00e+00	0.00e+00	0.00e+00	0.00e+00	0.00e+00	9.63e-01	7.39e-04	7.45e-04
 1.15537e+18	9.65e-01	3.47e-02	1.01e-10	0.00e+00	0.00e+00	0.00e+00	0.00e+00	0.00e+00	0.00e+00	9.64e-01	7.34e-04	7.41e-04
 1.15556e+18	9.66e-01	3.38e-02	9.86e-11	0.00e+00	0.00e+00	0.00e+00	0.00e+00	0.00e+00	0.00e+00	9.65e-01	7.29e-04	7.35e-04
 1.15577e+18	9.67e-01	3.29e-02	9.62e-11	0.00e+00	0.00e+00	0.00e+00	0.00e+00	0.00e+00	0.00e+00	9.66e-01	7.23e-04	7.30e-04
 1.15596e+18	9.68e-01	3.22e-02	9.40e-11	0.00e+00	0.00e+00	0.00e+00	0.00e+00	0.00e+00	0.00e+00	9.66e-01	7.18e-04	7.25e-04
 1.15613e+18	9.69e-01	3.15e-02	9.21e-11	0.00e+00	0.00e+00	0.00e+00	0.00e+00	0.00e+00	0.00e+00	9.67e-01	7.14e-04	7.21e-04
 1.15632e+18	9.69e-01	3.07e-02	8.99e-11	0.00e+00	0.00e+00	0.00e+00	0.00e+00	0.00e+00	0.00e+00	9.68e-01	7.09e-04	7.16e-04
 1.15652e+18	9.70e-01	2.99e-02	8.77e-11	0.00e+00	0.00e+00	0.00e+00	0.00e+00	0.00e+00	0.00e+00	9.69e-01	7.04e-04	7.10e-04
 1.15670e+18	9.71e-01	2.92e-02	8.58e-11	0.00e+00	0.00e+00	0.00e+00	0.00e+00	0.00e+00	0.00e+00	9.69e-01	6.99e-04	7.06e-04
 1.15687e+18	9.71e-01	2.86e-02	8.41e-11	0.00e+00	0.00e+00	0.00e+00	0.00e+00	0.00e+00	0.00e+00	9.70e-01	6.95e-04	7.01e-04
 1.15706e+18	9.72e-01	2.79e-02	8.21e-11	0.00e+00	0.00e+00	0.00e+00	0.00e+00	0.00e+00	0.00e+00	9.71e-01	6.90e-04	6.96e-04
 1.15725e+18	9.73e-01	2.72e-02	8.01e-11	0.00e+00	0.00e+00	0.00e+00	0.00e+00	0.00e+00	0.00e+00	9.71e-01	6.85e-04	6.91e-04
 1.15744e+18	9.73e-01	2.66e-02	7.83e-11	0.00e+00	0.00e+00	0.00e+00	0.00e+00	0.00e+00	0.00e+00	9.72e-01	6.81e-04	6.87e-04
 1.15760e+18	9.74e-01	2.60e-02	7.67e-11	0.00e+00	0.00e+00	0.00e+00	0.00e+00	0.00e+00	0.00e+00	9.73e-01	6.77e-04	6.82e-04
 1.15778e+18	9.75e-01	2.54e-02	7.50e-11	0.00e+00	0.00e+00	0.00e+00	0.00e+00	0.00e+00	0.00e+00	9.73e-01	6.72e-04	6.77e-04
 1.15798e+18	9.75e-01	2.47e-02	7.32e-11	0.00e+00	0.00e+00	0.00e+00	0.00e+00	0.00e+00	0.00e+00	9.74e-01	6.68e-04	6.72e-04
 1.15815e+18	9.76e-01	2.42e-02	7.16e-11	0.00e+00	0.00e+00	0.00e+00	0.00e+00	0.00e+00	0.00e+00	9.74e-01	6.64e-04	6.68e-04
 1.15831e+18	9.76e-01	2.37e-02	7.02e-11	0.00e+00	0.00e+00	0.00e+00	0.00e+00	0.00e+00	0.00e+00	9.75e-01	6.60e-04	6.63e-04
 1.15849e+18	9.77e-01	2.31e-02	6.86e-11	0.00e+00	0.00e+00	0.00e+00	0.00e+00	0.00e+00	0.00e+00	9.76e-01	6.55e-04	6.58e-04
 1.15868e+18	9.77e-01	2.26e-02	6.70e-11	0.00e+00	0.00e+00	0.00e+00	0.00e+00	0.00e+00	0.00e+00	9.76e-01	6.51e-04	6.53e-04
 1.15886e+18	9.78e-01	2.21e-02	6.56e-11	0.00e+00	0.00e+00	0.00e+00	0.00e+00	0.00e+00	0.00e+00	9.77e-01	6.47e-04	6.48e-04
 1.15905e+18	9.78e-01	2.15e-02	6.41e-11	0.00e+00	0.00e+00	0.00e+00	0.00e+00	0.00e+00	0.00e+00	9.77e-01	6.39e-04	6.42e-04
 1.15929e+18	9.79e-01	2.09e-02	6.23e-11	0.00e+00	0.00e+00	0.00e+00	0.00e+00	0.00e+00	0.00e+00	9.78e-01	6.29e-04	6.33e-04
 1.15956e+18	9.80e-01	2.03e-02	6.05e-11	0.00e+00	0.00e+00	0.00e+00	0.00e+00	0.00e+00	0.00e+00	9.79e-01	6.20e-04	6.24e-04
 1.15980e+18	9.80e-01	1.97e-02	5.89e-11	0.00e+00	0.00e+00	0.00e+00	0.00e+00	0.00e+00	0.00e+00	9.79e-01	6.11e-04	6.16e-04
 1.16003e+18	9.81e-01	1.92e-02	5.74e-11	0.00e+00	0.00e+00	0.00e+00	0.00e+00	0.00e+00	0.00e+00	9.80e-01	6.03e-04	6.09e-04
 1.16027e+18	9.81e-01	1.86e-02	5.58e-11	0.00e+00	0.00e+00	0.00e+00	0.00e+00	0.00e+00	0.00e+00	9.80e-01	5.94e-04	5.99e-04
 1.16053e+18	9.82e-01	1.81e-02	5.42e-11	0.00e+00	0.00e+00	0.00e+00	0.00e+00	0.00e+00	0.00e+00	9.81e-01	5.86e-04	5.89e-04
 1.16077e+18	9.82e-01	1.76e-02	5.28e-11	0.00e+00	0.00e+00	0.00e+00	0.00e+00	0.00e+00	0.00e+00	9.81e-01	5.78e-04	5.81e-04
 1.16098e+18	9.83e-01	1.71e-02	5.16e-11	0.00e+00	0.00e+00	0.00e+00	0.00e+00	0.00e+00	0.00e+00	9.82e-01	5.71e-04	5.73e-04
 1.16122e+18	9.83e-01	1.66e-02	5.02e-11	0.00e+00	0.00e+00	0.00e+00	0.00e+00	0.00e+00	0.00e+00	9.82e-01	5.63e-04	5.64e-04
 1.16148e+18	9.84e-01	1.61e-02	4.88e-11	0.00e+00	0.00e+00	0.00e+00	0.00e+00	0.00e+00	0.00e+00	9.83e-01	5.55e-04	5.55e-04
 1.16171e+18	9.84e-01	1.57e-02	4.75e-11	0.00e+00	0.00e+00	0.00e+00	0.00e+00	0.00e+00	0.00e+00	9.83e-01	5.48e-04	5.47e-04
 1.16197e+18	9.85e-01	1.52e-02	4.61e-11	0.00e+00	0.00e+00	0.00e+00	0.00e+00	0.00e+00	0.00e+00	9.84e-01	5.40e-04	5.37e-04
 1.16224e+18	9.85e-01	1.47e-02	4.47e-11	0.00e+00	0.00e+00	0.00e+00	0.00e+00	0.00e+00	0.00e+00	9.84e-01	5.32e-04	5.28e-04
 1.16249e+18	9.86e-01	1.43e-02	4.35e-11	0.00e+00	0.00e+00	0.00e+00	0.00e+00	0.00e+00	0.00e+00	9.85e-01	5.24e-04	5.20e-04
 1.16272e+18	9.86e-01	1.39e-02	4.24e-11	0.00e+00	0.00e+00	0.00e+00	0.00e+00	0.00e+00	0.00e+00	9.85e-01	5.18e-04	5.13e-04
 1.16297e+18	9.87e-01	1.35e-02	4.12e-11	0.00e+00	0.00e+00	0.00e+00	0.00e+00	0.00e+00	0.00e+00	9.85e-01	5.10e-04	5.04e-04
 1.16324e+18	9.87e-01	1.31e-02	4.00e-11	0.00e+00	0.00e+00	0.00e+00	0.00e+00	0.00e+00	0.00e+00	9.86e-01	5.02e-04	4.95e-04
 1.16349e+18	9.87e-01	1.27e-02	3.90e-11	0.00e+00	0.00e+00	0.00e+00	0.00e+00	0.00e+00	0.00e+00	9.86e-01	4.95e-04	4.87e-04
