#depth	H	H+	H2
 5.04056e+13	1.86e-04	1.00e+00	6.75e-16
 3.02434e+14	1.86e-04	1.00e+00	6.76e-16
 1.31055e+15	1.86e-04	1.00e+00	6.79e-16
 5.34300e+15	1.88e-04	1.00e+00	6.92e-16
 1.27627e+16	1.90e-04	1.00e+00	7.12e-16
 2.24083e+16	1.94e-04	1.00e+00	7.39e-16
 3.49476e+16	1.99e-04	1.00e+00	7.75e-16
 5.12487e+16	2.05e-04	1.00e+00	8.25e-16
 7.24402e+16	2.13e-04	1.00e+00	8.92e-16
 9.99890e+16	2.25e-04	1.00e+00	9.87e-16
 1.35803e+17	2.40e-04	1.00e+00	1.12e-15
 1.78354e+17	2.58e-04	1.00e+00	1.29e-15
 2.23864e+17	2.79e-04	1.00e+00	1.50e-15
 2.71195e+17	3.01e-04	1.00e+00	1.74e-15
 3.20418e+17	3.25e-04	1.00e+00	2.03e-15
 3.71611e+17	3.52e-04	1.00e+00	2.36e-15
 4.24852e+17	3.81e-04	1.00e+00	2.75e-15
 4.80222e+17	4.12e-04	1.00e+00	3.22e-15
 5.37807e+17	4.47e-04	1.00e+00	3.76e-15
 5.95697e+17	4.83e-04	1.00e+00	4.38e-15
 6.55441e+17	5.22e-04	9.99e-01	5.12e-15
 7.17692e+17	5.66e-04	9.99e-01	5.99e-15
 7.79267e+17	6.10e-04	9.99e-01	6.95e-15
 8.45187e+17	6.62e-04	9.99e-01	8.16e-15
 9.14335e+17	7.19e-04	9.99e-01	9.57e-15
 9.79733e+17	7.76e-04	9.99e-01	1.11e-14
 1.05078e+18	8.45e-04	9.99e-01	1.30e-14
 1.12688e+18	9.21e-04	9.99e-01	1.53e-14
 1.19636e+18	9.97e-04	9.99e-01	1.77e-14
 1.27182e+18	1.09e-03	9.99e-01	2.08e-14
 1.35288e+18	1.19e-03	9.99e-01	2.45e-14
 1.42433e+18	1.29e-03	9.99e-01	2.82e-14
 1.49011e+18	1.40e-03	9.99e-01	3.20e-14
 1.56546e+18	1.53e-03	9.98e-01	3.74e-14
 1.64641e+18	1.69e-03	9.98e-01	4.36e-14
 1.71715e+18	1.84e-03	9.98e-01	4.98e-14
 1.78077e+18	1.99e-03	9.98e-01	5.63e-14
 1.85263e+18	2.20e-03	9.98e-01	6.50e-14
 1.92915e+18	2.44e-03	9.98e-01	7.52e-14
 1.99446e+18	2.67e-03	9.97e-01	8.52e-14
 2.05158e+18	2.91e-03	9.97e-01	9.54e-14
 2.11529e+18	3.22e-03	9.97e-01	1.09e-13
 2.18299e+18	3.60e-03	9.96e-01	1.26e-13
 2.24009e+18	3.99e-03	9.96e-01	1.42e-13
 2.28882e+18	4.37e-03	9.96e-01	1.59e-13
 2.34248e+18	4.87e-03	9.95e-01	1.81e-13
 2.39964e+18	5.50e-03	9.94e-01	2.09e-13
 2.44772e+18	6.15e-03	9.94e-01	2.37e-13
 2.48818e+18	6.81e-03	9.93e-01	2.65e-13
 2.53231e+18	7.67e-03	9.92e-01	3.04e-13
 2.57962e+18	8.81e-03	9.91e-01	3.55e-13
 2.61978e+18	1.00e-02	9.90e-01	4.10e-13
 2.65015e+18	1.12e-02	9.89e-01	4.61e-13
 2.67419e+18	1.22e-02	9.88e-01	5.09e-13
 2.70058e+18	1.36e-02	9.86e-01	5.73e-13
 2.73488e+18	1.58e-02	9.84e-01	6.82e-13
 2.76910e+18	1.86e-02	9.81e-01	8.23e-13
 2.79523e+18	2.15e-02	9.78e-01	9.71e-13
 2.81638e+18	2.45e-02	9.76e-01	1.13e-12
 2.83596e+18	2.79e-02	9.72e-01	1.31e-12
 2.85508e+18	3.20e-02	9.68e-01	1.55e-12
 2.87280e+18	3.70e-02	9.63e-01	1.85e-12
 2.88817e+18	4.24e-02	9.58e-01	2.19e-12
 2.90147e+18	4.84e-02	9.52e-01	2.61e-12
 2.91342e+18	5.52e-02	9.45e-01	3.10e-12
 2.92430e+18	6.29e-02	9.37e-01	3.70e-12
 2.93418e+18	7.16e-02	9.28e-01	4.44e-12
 2.94317e+18	8.12e-02	9.19e-01	5.33e-12
 2.95146e+18	9.24e-02	9.08e-01	6.46e-12
 2.95912e+18	1.05e-01	8.95e-01	7.90e-12
 2.96605e+18	1.20e-01	8.80e-01	9.71e-12
 2.97235e+18	1.36e-01	8.64e-01	1.20e-11
 2.97816e+18	1.54e-01	8.46e-01	1.49e-11
 2.98361e+18	1.75e-01	8.25e-01	1.88e-11
 2.98873e+18	1.99e-01	8.01e-01	2.39e-11
 2.99352e+18	2.25e-01	7.75e-01	3.06e-11
 2.99807e+18	2.55e-01	7.45e-01	3.99e-11
 3.00239e+18	2.90e-01	7.10e-01	5.26e-11
 3.00612e+18	3.25e-01	6.75e-01	6.86e-11
 3.00902e+18	3.55e-01	6.45e-01	8.50e-11
 3.01129e+18	3.82e-01	6.18e-01	1.02e-10
 3.01328e+18	4.06e-01	5.94e-01	1.20e-10
 3.01518e+18	4.30e-01	5.70e-01	1.40e-10
 3.01701e+18	4.55e-01	5.45e-01	1.65e-10
 3.01871e+18	4.78e-01	5.22e-01	1.89e-10
 3.02023e+18	5.00e-01	5.00e-01	2.17e-10
 3.02160e+18	5.20e-01	4.80e-01	2.44e-10
 3.02292e+18	5.40e-01	4.60e-01	2.75e-10
 3.02398e+18	5.55e-01	4.45e-01	3.01e-10
 3.02475e+18	5.67e-01	4.33e-01	3.21e-10
 3.02549e+18	5.78e-01	4.22e-01	3.45e-10
 3.02631e+18	5.90e-01	4.10e-01	3.71e-10
 3.02718e+18	6.03e-01	3.97e-01	4.00e-10
 3.02804e+18	6.16e-01	3.84e-01	4.32e-10
 3.02887e+18	6.28e-01	3.72e-01	4.63e-10
 3.02968e+18	6.40e-01	3.60e-01	4.99e-10
 3.03049e+18	6.51e-01	3.49e-01	5.33e-10
 3.03131e+18	6.63e-01	3.37e-01	5.75e-10
 3.03212e+18	6.74e-01	3.26e-01	6.11e-10
 3.03292e+18	6.86e-01	3.14e-01	6.57e-10
 3.03374e+18	6.97e-01	3.03e-01	7.03e-10
 3.03454e+18	7.08e-01	2.92e-01	7.53e-10
 3.03532e+18	7.18e-01	2.82e-01	7.98e-10
 3.03612e+18	7.28e-01	2.72e-01	8.56e-10
 3.03693e+18	7.38e-01	2.62e-01	9.14e-10
 3.03773e+18	7.48e-01	2.52e-01	9.72e-10
 3.03851e+18	7.57e-01	2.43e-01	1.03e-09
 3.03931e+18	7.67e-01	2.33e-01	1.10e-09
 3.04011e+18	7.76e-01	2.24e-01	1.17e-09
 3.04092e+18	7.85e-01	2.15e-01	1.24e-09
 3.04172e+18	7.93e-01	2.07e-01	1.31e-09
 3.04252e+18	8.01e-01	1.99e-01	1.39e-09
 3.04333e+18	8.09e-01	1.91e-01	1.47e-09
 3.04414e+18	8.17e-01	1.83e-01	1.56e-09
 3.04495e+18	8.25e-01	1.75e-01	1.65e-09
 3.04577e+18	8.32e-01	1.68e-01	1.74e-09
 3.04658e+18	8.39e-01	1.61e-01	1.83e-09
 3.04740e+18	8.45e-01	1.55e-01	1.94e-09
 3.04821e+18	8.52e-01	1.48e-01	2.03e-09
 3.04903e+18	8.58e-01	1.42e-01	2.15e-09
 3.04985e+18	8.64e-01	1.36e-01	2.24e-09
 3.05067e+18	8.69e-01	1.31e-01	2.37e-09
 3.05149e+18	8.75e-01	1.25e-01	2.49e-09
 3.05232e+18	8.80e-01	1.20e-01	2.61e-09
 3.05316e+18	8.85e-01	1.15e-01	2.74e-09
 3.05400e+18	8.90e-01	1.10e-01	2.88e-09
 3.05485e+18	8.94e-01	1.06e-01	3.01e-09
 3.05570e+18	8.99e-01	1.01e-01	3.16e-09
 3.05656e+18	9.03e-01	9.70e-02	3.31e-09
 3.05743e+18	9.07e-01	9.29e-02	3.47e-09
 3.05831e+18	9.11e-01	8.91e-02	3.64e-09
 3.05919e+18	9.15e-01	8.54e-02	3.81e-09
 3.06009e+18	9.18e-01	8.18e-02	4.00e-09
 3.06099e+18	9.22e-01	7.84e-02	4.20e-09
 3.06191e+18	9.25e-01	7.51e-02	4.41e-09
 3.06283e+18	9.28e-01	7.20e-02	4.63e-09
 3.06377e+18	9.31e-01	6.90e-02	4.87e-09
 3.06472e+18	9.34e-01	6.61e-02	5.13e-09
 3.06568e+18	9.37e-01	6.33e-02	5.41e-09
 3.06665e+18	9.39e-01	6.07e-02	5.70e-09
 3.06763e+18	9.42e-01	5.81e-02	6.03e-09
 3.06862e+18	9.44e-01	5.57e-02	6.38e-09
 3.06963e+18	9.47e-01	5.34e-02	6.77e-09
 3.07064e+18	9.49e-01	5.12e-02	7.21e-09
 3.07167e+18	9.51e-01	4.91e-02	7.68e-09
 3.07271e+18	9.53e-01	4.70e-02	8.21e-09
 3.07376e+18	9.55e-01	4.51e-02	8.78e-09
 3.07481e+18	9.57e-01	4.33e-02	9.43e-09
 3.07587e+18	9.58e-01	4.15e-02	1.02e-08
 3.07694e+18	9.60e-01	3.98e-02	1.10e-08
 3.07803e+18	9.62e-01	3.82e-02	1.19e-08
 3.07912e+18	9.63e-01	3.66e-02	1.30e-08
 3.08021e+18	9.65e-01	3.51e-02	1.42e-08
 3.08131e+18	9.66e-01	3.37e-02	1.55e-08
 3.08241e+18	9.68e-01	3.23e-02	1.71e-08
 3.08351e+18	9.69e-01	3.10e-02	1.88e-08
 3.08462e+18	9.70e-01	2.97e-02	2.07e-08
 3.08573e+18	9.72e-01	2.85e-02	2.29e-08
 3.08683e+18	9.73e-01	2.73e-02	2.53e-08
 3.08792e+18	9.74e-01	2.62e-02	2.79e-08
 3.08901e+18	9.75e-01	2.51e-02	3.07e-08
 3.09008e+18	9.76e-01	2.41e-02	3.35e-08
 3.09114e+18	9.77e-01	2.31e-02	3.63e-08
 3.09212e+18	9.78e-01	2.22e-02	3.88e-08
 3.09301e+18	9.79e-01	2.14e-02	4.09e-08
 3.09383e+18	9.79e-01	2.07e-02	4.27e-08
 3.09458e+18	9.80e-01	2.00e-02	4.41e-08
 3.09528e+18	9.81e-01	1.93e-02	4.52e-08
