#depth	O	O+	O+2	O+3	O+4	O+5	O+6	O+7	O+8	O[1]	O[2]	O[3]
 2.11682e+14	1.41e-09	1.83e-04	4.59e-01	5.26e-01	1.45e-02	3.85e-06	0.00e+00	0.00e+00	0.00e+00	1.37e-09	2.08e-11	2.20e-11
 1.27009e+15	1.41e-09	1.83e-04	4.60e-01	5.25e-01	1.45e-02	3.83e-06	0.00e+00	0.00e+00	0.00e+00	1.37e-09	2.08e-11	2.20e-11
 5.50374e+15	1.42e-09	1.84e-04	4.63e-01	5.22e-01	1.43e-02	3.78e-06	0.00e+00	0.00e+00	0.00e+00	1.37e-09	2.09e-11	2.21e-11
 2.24383e+16	1.44e-09	1.89e-04	4.75e-01	5.11e-01	1.37e-02	3.59e-06	0.00e+00	0.00e+00	0.00e+00	1.40e-09	2.12e-11	2.25e-11
 5.35980e+16	1.45e-09	1.94e-04	4.91e-01	4.96e-01	1.28e-02	3.31e-06	0.00e+00	0.00e+00	0.00e+00	1.41e-09	2.12e-11	2.25e-11
 9.41056e+16	1.49e-09	2.03e-04	5.13e-01	4.75e-01	1.16e-02	2.98e-06	0.00e+00	0.00e+00	0.00e+00	1.45e-09	2.16e-11	2.30e-11
 1.46765e+17	1.57e-09	2.16e-04	5.44e-01	4.46e-01	1.03e-02	2.56e-06	0.00e+00	0.00e+00	0.00e+00	1.52e-09	2.25e-11	2.40e-11
 2.15223e+17	1.68e-09	2.35e-04	5.87e-01	4.04e-01	8.53e-03	2.06e-06	0.00e+00	0.00e+00	0.00e+00	1.63e-09	2.38e-11	2.55e-11
 3.04218e+17	1.86e-09	2.62e-04	6.47e-01	3.46e-01	6.47e-03	1.49e-06	0.00e+00	0.00e+00	0.00e+00	1.80e-09	2.59e-11	2.79e-11
 4.01527e+17	2.07e-09	2.93e-04	7.17e-01	2.78e-01	4.49e-03	9.70e-07	0.00e+00	0.00e+00	0.00e+00	2.01e-09	2.83e-11	3.06e-11
 4.82682e+17	2.24e-09	3.20e-04	7.79e-01	2.18e-01	3.07e-03	6.27e-07	0.00e+00	0.00e+00	0.00e+00	2.17e-09	3.03e-11	3.28e-11
 5.43841e+17	2.34e-09	3.40e-04	8.23e-01	1.75e-01	2.17e-03	4.25e-07	0.00e+00	0.00e+00	0.00e+00	2.27e-09	3.14e-11	3.40e-11
 6.05968e+17	2.43e-09	3.58e-04	8.63e-01	1.35e-01	1.46e-03	2.70e-07	0.00e+00	0.00e+00	0.00e+00	2.36e-09	3.25e-11	3.52e-11
 6.86734e+17	2.49e-09	3.79e-04	9.05e-01	9.41e-02	8.24e-04	1.42e-07	0.00e+00	0.00e+00	0.00e+00	2.42e-09	3.30e-11	3.58e-11
 7.91728e+17	2.54e-09	4.01e-04	9.42e-01	5.70e-02	3.68e-04	0.00e+00	0.00e+00	0.00e+00	0.00e+00	2.47e-09	3.33e-11	3.63e-11
 9.13925e+17	2.60e-09	4.21e-04	9.67e-01	3.20e-02	1.42e-04	0.00e+00	0.00e+00	0.00e+00	0.00e+00	2.53e-09	3.36e-11	3.67e-11
 1.04076e+18	2.69e-09	4.38e-04	9.81e-01	1.85e-02	5.51e-05	0.00e+00	0.00e+00	0.00e+00	0.00e+00	2.61e-09	3.43e-11	3.75e-11
 1.18794e+18	2.81e-09	4.55e-04	9.89e-01	1.05e-02	1.96e-05	0.00e+00	0.00e+00	0.00e+00	0.00e+00	2.74e-09	3.55e-11	3.88e-11
 1.37926e+18	3.00e-09	4.76e-04	9.94e-01	5.42e-03	5.58e-06	0.00e+00	0.00e+00	0.00e+00	0.00e+00	2.92e-09	3.73e-11	4.08e-11
 1.62798e+18	3.28e-09	5.00e-04	9.97e-01	2.49e-03	1.23e-06	0.00e+00	0.00e+00	0.00e+00	0.00e+00	3.20e-09	4.00e-11	4.39e-11
 1.85699e+18	3.56e-09	5.22e-04	9.98e-01	1.34e-03	3.58e-07	0.00e+00	0.00e+00	0.00e+00	0.00e+00	3.47e-09	4.24e-11	4.65e-11
 2.04269e+18	3.81e-09	5.40e-04	9.99e-01	8.23e-04	1.36e-07	0.00e+00	0.00e+00	0.00e+00	0.00e+00	3.71e-09	4.50e-11	4.93e-11
 2.24696e+18	4.09e-09	5.60e-04	9.99e-01	5.06e-04	0.00e+00	0.00e+00	0.00e+00	0.00e+00	0.00e+00	3.99e-09	4.77e-11	5.24e-11
 2.47166e+18	4.43e-09	5.83e-04	9.99e-01	3.15e-04	0.00e+00	0.00e+00	0.00e+00	0.00e+00	0.00e+00	4.32e-09	5.09e-11	5.59e-11
 2.71882e+18	4.83e-09	6.08e-04	9.99e-01	2.02e-04	0.00e+00	0.00e+00	0.00e+00	0.00e+00	0.00e+00	4.71e-09	5.46e-11	6.00e-11
 2.99070e+18	5.30e-09	6.36e-04	9.99e-01	1.37e-04	0.00e+00	0.00e+00	0.00e+00	0.00e+00	0.00e+00	5.17e-09	5.90e-11	6.48e-11
 3.28977e+18	5.86e-09	6.68e-04	9.99e-01	9.86e-05	0.00e+00	0.00e+00	0.00e+00	0.00e+00	0.00e+00	5.72e-09	6.42e-11	7.05e-11
 3.61875e+18	6.53e-09	7.05e-04	9.99e-01	7.58e-05	0.00e+00	0.00e+00	0.00e+00	0.00e+00	0.00e+00	6.38e-09	7.03e-11	7.72e-11
 3.98063e+18	7.34e-09	7.46e-04	9.99e-01	6.14e-05	0.00e+00	0.00e+00	0.00e+00	0.00e+00	0.00e+00	7.17e-09	7.76e-11	8.52e-11
 4.37869e+18	8.32e-09	7.93e-04	9.99e-01	5.16e-05	0.00e+00	0.00e+00	0.00e+00	0.00e+00	0.00e+00	8.14e-09	8.64e-11	9.48e-11
 4.81656e+18	9.52e-09	8.47e-04	9.99e-01	4.42e-05	0.00e+00	0.00e+00	0.00e+00	0.00e+00	0.00e+00	9.32e-09	9.70e-11	1.07e-10
 5.29821e+18	1.10e-08	9.09e-04	9.99e-01	3.84e-05	0.00e+00	0.00e+00	0.00e+00	0.00e+00	0.00e+00	1.08e-08	1.10e-10	1.21e-10
 5.82803e+18	1.28e-08	9.80e-04	9.99e-01	3.34e-05	0.00e+00	0.00e+00	0.00e+00	0.00e+00	0.00e+00	1.26e-08	1.26e-10	1.38e-10
 6.41084e+18	1.52e-08	1.06e-03	9.99e-01	2.91e-05	0.00e+00	0.00e+00	0.00e+00	0.00e+00	0.00e+00	1.49e-08	1.46e-10	1.60e-10
 7.04232e+18	1.81e-08	1.16e-03	9.99e-01	2.54e-05	0.00e+00	0.00e+00	0.00e+00	0.00e+00	0.00e+00	1.77e-08	1.70e-10	1.87e-10
 7.67928e+18	2.14e-08	1.25e-03	9.99e-01	2.24e-05	0.00e+00	0.00e+00	0.00e+00	0.00e+00	0.00e+00	2.10e-08	1.99e-10	2.18e-10
 8.34172e+18	2.55e-08	1.36e-03	9.99e-01	1.97e-05	0.00e+00	0.00e+00	0.00e+00	0.00e+00	0.00e+00	2.50e-08	2.33e-10	2.55e-10
 9.05915e+18	3.06e-08	1.49e-03	9.98e-01	1.74e-05	0.00e+00	0.00e+00	0.00e+00	0.00e+00	0.00e+00	3.01e-08	2.75e-10	3.01e-10
 9.78791e+18	3.67e-08	1.62e-03	9.98e-01	1.55e-05	0.00e+00	0.00e+00	0.00e+00	0.00e+00	0.00e+00	3.60e-08	3.24e-10	3.55e-10
 1.05458e+19	4.41e-08	1.77e-03	9.98e-01	1.38e-05	0.00e+00	0.00e+00	0.00e+00	0.00e+00	0.00e+00	4.33e-08	3.84e-10	4.21e-10
 1.13514e+19	5.33e-08	1.94e-03	9.98e-01	1.23e-05	0.00e+00	0.00e+00	0.00e+00	0.00e+00	0.00e+00	5.24e-08	4.58e-10	5.02e-10
 1.21892e+19	6.47e-08	2.12e-03	9.98e-01	1.10e-05	0.00e+00	0.00e+00	0.00e+00	0.00e+00	0.00e+00	6.36e-08	5.49e-10	6.01e-10
 1.30606e+19	7.88e-08	2.32e-03	9.98e-01	9.81e-06	0.00e+00	0.00e+00	0.00e+00	0.00e+00	0.00e+00	7.74e-08	6.60e-10	7.22e-10
 1.39667e+19	9.63e-08	2.55e-03	9.97e-01	8.79e-06	0.00e+00	0.00e+00	0.00e+00	0.00e+00	0.00e+00	9.46e-08	7.99e-10	8.74e-10
 1.49092e+19	1.18e-07	2.80e-03	9.97e-01	7.89e-06	0.00e+00	0.00e+00	0.00e+00	0.00e+00	0.00e+00	1.16e-07	9.70e-10	1.06e-09
 1.58893e+19	1.46e-07	3.09e-03	9.97e-01	7.08e-06	0.00e+00	0.00e+00	0.00e+00	0.00e+00	0.00e+00	1.43e-07	1.19e-09	1.30e-09
 1.69086e+19	1.81e-07	3.40e-03	9.97e-01	6.36e-06	0.00e+00	0.00e+00	0.00e+00	0.00e+00	0.00e+00	1.78e-07	1.46e-09	1.59e-09
 1.79687e+19	2.26e-07	3.76e-03	9.96e-01	5.72e-06	0.00e+00	0.00e+00	0.00e+00	0.00e+00	0.00e+00	2.22e-07	1.81e-09	1.97e-09
 1.90713e+19	2.84e-07	4.15e-03	9.96e-01	5.14e-06	0.00e+00	0.00e+00	0.00e+00	0.00e+00	0.00e+00	2.79e-07	2.25e-09	2.46e-09
 2.01928e+19	3.58e-07	4.60e-03	9.95e-01	4.63e-06	0.00e+00	0.00e+00	0.00e+00	0.00e+00	0.00e+00	3.53e-07	2.83e-09	3.09e-09
 2.13093e+19	4.53e-07	5.08e-03	9.95e-01	4.19e-06	0.00e+00	0.00e+00	0.00e+00	0.00e+00	0.00e+00	4.45e-07	3.55e-09	3.88e-09
 2.24954e+19	5.83e-07	5.65e-03	9.94e-01	3.76e-06	0.00e+00	0.00e+00	0.00e+00	0.00e+00	0.00e+00	5.73e-07	4.55e-09	4.97e-09
 2.37239e+19	7.60e-07	6.30e-03	9.94e-01	3.38e-06	0.00e+00	0.00e+00	0.00e+00	0.00e+00	0.00e+00	7.47e-07	5.90e-09	6.45e-09
 2.48765e+19	9.83e-07	6.99e-03	9.93e-01	3.07e-06	0.00e+00	0.00e+00	0.00e+00	0.00e+00	0.00e+00	9.67e-07	7.60e-09	8.31e-09
 2.59767e+19	1.27e-06	7.73e-03	9.92e-01	2.79e-06	0.00e+00	0.00e+00	0.00e+00	0.00e+00	0.00e+00	1.25e-06	9.79e-09	1.07e-08
 2.72344e+19	1.73e-06	8.72e-03	9.91e-01	2.50e-06	0.00e+00	0.00e+00	0.00e+00	0.00e+00	0.00e+00	1.70e-06	1.33e-08	1.46e-08
 2.85617e+19	2.46e-06	9.96e-03	9.90e-01	2.22e-06	0.00e+00	0.00e+00	0.00e+00	0.00e+00	0.00e+00	2.42e-06	1.88e-08	2.06e-08
 2.96746e+19	3.39e-06	1.12e-02	9.89e-01	1.99e-06	0.00e+00	0.00e+00	0.00e+00	0.00e+00	0.00e+00	3.34e-06	2.59e-08	2.83e-08
 3.06395e+19	4.62e-06	1.26e-02	9.87e-01	1.80e-06	0.00e+00	0.00e+00	0.00e+00	0.00e+00	0.00e+00	4.54e-06	3.52e-08	3.85e-08
 3.14892e+19	6.23e-06	1.40e-02	9.86e-01	1.64e-06	0.00e+00	0.00e+00	0.00e+00	0.00e+00	0.00e+00	6.13e-06	4.75e-08	5.19e-08
 3.21879e+19	8.18e-06	1.55e-02	9.84e-01	1.50e-06	0.00e+00	0.00e+00	0.00e+00	0.00e+00	0.00e+00	8.05e-06	6.23e-08	6.81e-08
 3.27970e+19	1.06e-05	1.71e-02	9.83e-01	1.37e-06	0.00e+00	0.00e+00	0.00e+00	0.00e+00	0.00e+00	1.05e-05	8.08e-08	8.84e-08
 3.33690e+19	1.39e-05	1.89e-02	9.81e-01	1.25e-06	0.00e+00	0.00e+00	0.00e+00	0.00e+00	0.00e+00	1.37e-05	1.06e-07	1.16e-07
 3.39107e+19	1.85e-05	2.11e-02	9.79e-01	1.13e-06	0.00e+00	0.00e+00	0.00e+00	0.00e+00	0.00e+00	1.82e-05	1.40e-07	1.54e-07
 3.44051e+19	2.47e-05	2.35e-02	9.76e-01	1.02e-06	0.00e+00	0.00e+00	0.00e+00	0.00e+00	0.00e+00	2.43e-05	1.87e-07	2.05e-07
 3.47649e+19	3.13e-05	2.58e-02	9.74e-01	9.35e-07	0.00e+00	0.00e+00	0.00e+00	0.00e+00	0.00e+00	3.08e-05	2.37e-07	2.59e-07
 3.49783e+19	3.64e-05	2.73e-02	9.73e-01	8.85e-07	0.00e+00	0.00e+00	0.00e+00	0.00e+00	0.00e+00	3.58e-05	2.75e-07	3.01e-07
 3.51779e+19	4.23e-05	2.90e-02	9.71e-01	8.35e-07	0.00e+00	0.00e+00	0.00e+00	0.00e+00	0.00e+00	4.16e-05	3.19e-07	3.50e-07
 3.54374e+19	5.19e-05	3.16e-02	9.68e-01	7.69e-07	0.00e+00	0.00e+00	0.00e+00	0.00e+00	0.00e+00	5.11e-05	3.92e-07	4.29e-07
 3.56959e+19	6.47e-05	3.45e-02	9.65e-01	7.04e-07	0.00e+00	0.00e+00	0.00e+00	0.00e+00	0.00e+00	6.37e-05	4.87e-07	5.35e-07
 3.58862e+19	7.74e-05	3.72e-02	9.63e-01	6.55e-07	0.00e+00	0.00e+00	0.00e+00	0.00e+00	0.00e+00	7.61e-05	5.82e-07	6.39e-07
 3.60349e+19	8.96e-05	3.96e-02	9.60e-01	6.15e-07	0.00e+00	0.00e+00	0.00e+00	0.00e+00	0.00e+00	8.82e-05	6.74e-07	7.40e-07
 3.61961e+19	1.06e-04	4.25e-02	9.57e-01	5.71e-07	0.00e+00	0.00e+00	0.00e+00	0.00e+00	0.00e+00	1.04e-04	7.98e-07	8.76e-07
 3.63720e+19	1.29e-04	4.63e-02	9.54e-01	5.24e-07	0.00e+00	0.00e+00	0.00e+00	0.00e+00	0.00e+00	1.27e-04	9.70e-07	1.07e-06
 3.65240e+19	1.55e-04	5.01e-02	9.50e-01	4.82e-07	0.00e+00	0.00e+00	0.00e+00	0.00e+00	0.00e+00	1.53e-04	1.16e-06	1.28e-06
 3.66486e+19	1.82e-04	5.37e-02	9.46e-01	4.47e-07	0.00e+00	0.00e+00	0.00e+00	0.00e+00	0.00e+00	1.79e-04	1.36e-06	1.50e-06
 3.67629e+19	2.13e-04	5.75e-02	9.42e-01	4.16e-07	0.00e+00	0.00e+00	0.00e+00	0.00e+00	0.00e+00	2.09e-04	1.59e-06	1.75e-06
 3.68939e+19	2.58e-04	6.27e-02	9.37e-01	3.78e-07	0.00e+00	0.00e+00	0.00e+00	0.00e+00	0.00e+00	2.54e-04	1.93e-06	2.12e-06
 3.70283e+19	3.18e-04	6.89e-02	9.31e-01	3.41e-07	0.00e+00	0.00e+00	0.00e+00	0.00e+00	0.00e+00	3.13e-04	2.37e-06	2.61e-06
 3.71336e+19	3.79e-04	7.46e-02	9.25e-01	3.12e-07	0.00e+00	0.00e+00	0.00e+00	0.00e+00	0.00e+00	3.73e-04	2.83e-06	3.12e-06
 3.72184e+19	4.41e-04	7.99e-02	9.20e-01	2.90e-07	0.00e+00	0.00e+00	0.00e+00	0.00e+00	0.00e+00	4.34e-04	3.29e-06	3.63e-06
 3.73106e+19	5.25e-04	8.66e-02	9.13e-01	2.64e-07	0.00e+00	0.00e+00	0.00e+00	0.00e+00	0.00e+00	5.17e-04	3.91e-06	4.32e-06
 3.74105e+19	6.44e-04	9.51e-02	9.04e-01	2.37e-07	0.00e+00	0.00e+00	0.00e+00	0.00e+00	0.00e+00	6.34e-04	4.79e-06	5.29e-06
 3.74959e+19	7.74e-04	1.04e-01	8.96e-01	2.14e-07	0.00e+00	0.00e+00	0.00e+00	0.00e+00	0.00e+00	7.62e-04	5.75e-06	6.36e-06
 3.75663e+19	9.11e-04	1.12e-01	8.87e-01	1.95e-07	0.00e+00	0.00e+00	0.00e+00	0.00e+00	0.00e+00	8.97e-04	6.76e-06	7.47e-06
 3.76418e+19	1.10e-03	1.22e-01	8.77e-01	1.75e-07	0.00e+00	0.00e+00	0.00e+00	0.00e+00	0.00e+00	1.08e-03	8.13e-06	9.00e-06
 3.77222e+19	1.35e-03	1.34e-01	8.64e-01	1.54e-07	0.00e+00	0.00e+00	0.00e+00	0.00e+00	0.00e+00	1.33e-03	1.00e-05	1.11e-05
 3.77897e+19	1.64e-03	1.47e-01	8.52e-01	1.37e-07	0.00e+00	0.00e+00	0.00e+00	0.00e+00	0.00e+00	1.61e-03	1.21e-05	1.34e-05
 3.78458e+19	1.94e-03	1.59e-01	8.39e-01	1.23e-07	0.00e+00	0.00e+00	0.00e+00	0.00e+00	0.00e+00	1.91e-03	1.43e-05	1.59e-05
 3.79067e+19	2.35e-03	1.74e-01	8.24e-01	0.00e+00	0.00e+00	0.00e+00	0.00e+00	0.00e+00	0.00e+00	2.32e-03	1.73e-05	1.92e-05
 3.79723e+19	2.94e-03	1.93e-01	8.04e-01	0.00e+00	0.00e+00	0.00e+00	0.00e+00	0.00e+00	0.00e+00	2.89e-03	2.16e-05	2.40e-05
 3.80285e+19	3.61e-03	2.12e-01	7.85e-01	0.00e+00	0.00e+00	0.00e+00	0.00e+00	0.00e+00	0.00e+00	3.55e-03	2.65e-05	2.94e-05
 3.80754e+19	4.33e-03	2.30e-01	7.65e-01	0.00e+00	0.00e+00	0.00e+00	0.00e+00	0.00e+00	0.00e+00	4.26e-03	3.17e-05	3.53e-05
 3.81193e+19	5.18e-03	2.50e-01	7.45e-01	0.00e+00	0.00e+00	0.00e+00	0.00e+00	0.00e+00	0.00e+00	5.10e-03	3.79e-05	4.21e-05
 3.81697e+19	6.43e-03	2.76e-01	7.18e-01	0.00e+00	0.00e+00	0.00e+00	0.00e+00	0.00e+00	0.00e+00	6.33e-03	4.69e-05	5.22e-05
 3.82217e+19	8.18e-03	3.06e-01	6.85e-01	0.00e+00	0.00e+00	0.00e+00	0.00e+00	0.00e+00	0.00e+00	8.05e-03	5.95e-05	6.62e-05
 3.82626e+19	1.00e-02	3.34e-01	6.56e-01	0.00e+00	0.00e+00	0.00e+00	0.00e+00	0.00e+00	0.00e+00	9.86e-03	7.26e-05	8.08e-05
 3.82954e+19	1.19e-02	3.59e-01	6.29e-01	0.00e+00	0.00e+00	0.00e+00	0.00e+00	0.00e+00	0.00e+00	1.17e-02	8.58e-05	9.55e-05
 3.83310e+19	1.43e-02	3.89e-01	5.97e-01	0.00e+00	0.00e+00	0.00e+00	0.00e+00	0.00e+00	0.00e+00	1.41e-02	1.03e-04	1.15e-04
 3.83704e+19	1.79e-02	4.25e-01	5.57e-01	0.00e+00	0.00e+00	0.00e+00	0.00e+00	0.00e+00	0.00e+00	1.76e-02	1.28e-04	1.43e-04
 3.84053e+19	2.20e-02	4.61e-01	5.17e-01	0.00e+00	0.00e+00	0.00e+00	0.00e+00	0.00e+00	0.00e+00	2.17e-02	1.57e-04	1.75e-04
 3.84344e+19	2.63e-02	4.92e-01	4.81e-01	0.00e+00	0.00e+00	0.00e+00	0.00e+00	0.00e+00	0.00e+00	2.59e-02	1.87e-04	2.08e-04
 3.84656e+19	3.20e-02	5.28e-01	4.40e-01	0.00e+00	0.00e+00	0.00e+00	0.00e+00	0.00e+00	0.00e+00	3.15e-02	2.26e-04	2.52e-04
 3.84993e+19	3.99e-02	5.68e-01	3.92e-01	0.00e+00	0.00e+00	0.00e+00	0.00e+00	0.00e+00	0.00e+00	3.93e-02	2.79e-04	3.12e-04
 3.85287e+19	4.87e-02	6.03e-01	3.48e-01	0.00e+00	0.00e+00	0.00e+00	0.00e+00	0.00e+00	0.00e+00	4.80e-02	3.38e-04	3.78e-04
 3.85538e+19	5.77e-02	6.32e-01	3.11e-01	0.00e+00	0.00e+00	0.00e+00	0.00e+00	0.00e+00	0.00e+00	5.68e-02	3.97e-04	4.44e-04
 3.85756e+19	6.71e-02	6.56e-01	2.77e-01	0.00e+00	0.00e+00	0.00e+00	0.00e+00	0.00e+00	0.00e+00	6.61e-02	4.57e-04	5.11e-04
 3.85944e+19	7.64e-02	6.75e-01	2.49e-01	0.00e+00	0.00e+00	0.00e+00	0.00e+00	0.00e+00	0.00e+00	7.53e-02	5.16e-04	5.77e-04
 3.86120e+19	8.64e-02	6.91e-01	2.22e-01	0.00e+00	0.00e+00	0.00e+00	0.00e+00	0.00e+00	0.00e+00	8.52e-02	5.78e-04	6.47e-04
 3.86296e+19	9.76e-02	7.05e-01	1.97e-01	0.00e+00	0.00e+00	0.00e+00	0.00e+00	0.00e+00	0.00e+00	9.62e-02	6.46e-04	7.24e-04
 3.86467e+19	1.10e-01	7.17e-01	1.73e-01	0.00e+00	0.00e+00	0.00e+00	0.00e+00	0.00e+00	0.00e+00	1.09e-01	7.21e-04	8.08e-04
 3.86628e+19	1.23e-01	7.25e-01	1.52e-01	0.00e+00	0.00e+00	0.00e+00	0.00e+00	0.00e+00	0.00e+00	1.21e-01	7.95e-04	8.91e-04
 3.86781e+19	1.37e-01	7.31e-01	1.32e-01	0.00e+00	0.00e+00	0.00e+00	0.00e+00	0.00e+00	0.00e+00	1.35e-01	8.74e-04	9.80e-04
 3.86929e+19	1.52e-01	7.33e-01	1.15e-01	0.00e+00	0.00e+00	0.00e+00	0.00e+00	0.00e+00	0.00e+00	1.50e-01	9.58e-04	1.07e-03
 3.87068e+19	1.67e-01	7.33e-01	9.95e-02	0.00e+00	0.00e+00	0.00e+00	0.00e+00	0.00e+00	0.00e+00	1.65e-01	1.04e-03	1.16e-03
 3.87223e+19	1.86e-01	7.30e-01	8.35e-02	0.00e+00	0.00e+00	0.00e+00	0.00e+00	0.00e+00	0.00e+00	1.84e-01	1.14e-03	1.28e-03
 3.87383e+19	2.09e-01	7.23e-01	6.88e-02	0.00e+00	0.00e+00	0.00e+00	0.00e+00	0.00e+00	0.00e+00	2.06e-01	1.25e-03	1.40e-03
 3.87512e+19	2.28e-01	7.14e-01	5.83e-02	0.00e+00	0.00e+00	0.00e+00	0.00e+00	0.00e+00	0.00e+00	2.25e-01	1.33e-03	1.50e-03
 3.87624e+19	2.45e-01	7.05e-01	5.00e-02	0.00e+00	0.00e+00	0.00e+00	0.00e+00	0.00e+00	0.00e+00	2.42e-01	1.41e-03	1.59e-03
 3.87750e+19	2.67e-01	6.91e-01	4.15e-02	0.00e+00	0.00e+00	0.00e+00	0.00e+00	0.00e+00	0.00e+00	2.64e-01	1.51e-03	1.70e-03
 3.87889e+19	2.94e-01	6.73e-01	3.34e-02	0.00e+00	0.00e+00	0.00e+00	0.00e+00	0.00e+00	0.00e+00	2.90e-01	1.61e-03	1.82e-03
 3.88011e+19	3.19e-01	6.54e-01	2.73e-02	0.00e+00	0.00e+00	0.00e+00	0.00e+00	0.00e+00	0.00e+00	3.15e-01	1.71e-03	1.92e-03
 3.88117e+19	3.40e-01	6.37e-01	2.27e-02	0.00e+00	0.00e+00	0.00e+00	0.00e+00	0.00e+00	0.00e+00	3.37e-01	1.78e-03	2.01e-03
 3.88235e+19	3.67e-01	6.15e-01	1.82e-02	0.00e+00	0.00e+00	0.00e+00	0.00e+00	0.00e+00	0.00e+00	3.63e-01	1.86e-03	2.10e-03
 3.88365e+19	3.99e-01	5.87e-01	1.41e-02	0.00e+00	0.00e+00	0.00e+00	0.00e+00	0.00e+00	0.00e+00	3.95e-01	1.95e-03	2.21e-03
 3.88481e+19	4.29e-01	5.60e-01	1.11e-02	0.00e+00	0.00e+00	0.00e+00	0.00e+00	0.00e+00	0.00e+00	4.24e-01	2.02e-03	2.29e-03
 3.88584e+19	4.55e-01	5.36e-01	8.83e-03	0.00e+00	0.00e+00	0.00e+00	0.00e+00	0.00e+00	0.00e+00	4.51e-01	2.08e-03	2.35e-03
 3.88686e+19	4.83e-01	5.10e-01	6.99e-03	0.00e+00	0.00e+00	0.00e+00	0.00e+00	0.00e+00	0.00e+00	4.78e-01	2.12e-03	2.40e-03
 3.88788e+19	5.11e-01	4.84e-01	5.49e-03	0.00e+00	0.00e+00	0.00e+00	0.00e+00	0.00e+00	0.00e+00	5.06e-01	2.16e-03	2.44e-03
 3.88880e+19	5.36e-01	4.59e-01	4.37e-03	0.00e+00	0.00e+00	0.00e+00	0.00e+00	0.00e+00	0.00e+00	5.32e-01	2.18e-03	2.47e-03
 3.88962e+19	5.59e-01	4.37e-01	3.55e-03	0.00e+00	0.00e+00	0.00e+00	0.00e+00	0.00e+00	0.00e+00	5.54e-01	2.19e-03	2.49e-03
 3.89038e+19	5.80e-01	4.17e-01	2.91e-03	0.00e+00	0.00e+00	0.00e+00	0.00e+00	0.00e+00	0.00e+00	5.75e-01	2.20e-03	2.49e-03
 3.89099e+19	5.96e-01	4.01e-01	2.49e-03	0.00e+00	0.00e+00	0.00e+00	0.00e+00	0.00e+00	0.00e+00	5.91e-01	2.20e-03	2.49e-03
 3.89140e+19	6.06e-01	3.92e-01	2.24e-03	0.00e+00	0.00e+00	0.00e+00	0.00e+00	0.00e+00	0.00e+00	6.01e-01	2.20e-03	2.49e-03
 3.89182e+19	6.17e-01	3.82e-01	2.00e-03	0.00e+00	0.00e+00	0.00e+00	0.00e+00	0.00e+00	0.00e+00	6.12e-01	2.19e-03	2.49e-03
 3.89232e+19	6.30e-01	3.68e-01	1.73e-03	0.00e+00	0.00e+00	0.00e+00	0.00e+00	0.00e+00	0.00e+00	6.26e-01	2.19e-03	2.48e-03
 3.89283e+19	6.45e-01	3.53e-01	1.49e-03	0.00e+00	0.00e+00	0.00e+00	0.00e+00	0.00e+00	0.00e+00	6.40e-01	2.17e-03	2.47e-03
 3.89327e+19	6.56e-01	3.42e-01	1.31e-03	0.00e+00	0.00e+00	0.00e+00	0.00e+00	0.00e+00	0.00e+00	6.52e-01	2.16e-03	2.45e-03
 3.89367e+19	6.67e-01	3.32e-01	1.17e-03	0.00e+00	0.00e+00	0.00e+00	0.00e+00	0.00e+00	0.00e+00	6.62e-01	2.15e-03	2.44e-03
 3.89410e+19	6.79e-01	3.20e-01	1.02e-03	0.00e+00	0.00e+00	0.00e+00	0.00e+00	0.00e+00	0.00e+00	6.74e-01	2.14e-03	2.42e-03
 3.89456e+19	6.91e-01	3.09e-01	8.90e-04	0.00e+00	0.00e+00	0.00e+00	0.00e+00	0.00e+00	0.00e+00	6.86e-01	2.12e-03	2.40e-03
 3.89499e+19	7.02e-01	2.97e-01	7.77e-04	0.00e+00	0.00e+00	0.00e+00	0.00e+00	0.00e+00	0.00e+00	6.98e-01	2.10e-03	2.38e-03
 3.89539e+19	7.12e-01	2.87e-01	6.85e-04	0.00e+00	0.00e+00	0.00e+00	0.00e+00	0.00e+00	0.00e+00	7.08e-01	2.08e-03	2.36e-03
 3.89579e+19	7.23e-01	2.77e-01	6.02e-04	0.00e+00	0.00e+00	0.00e+00	0.00e+00	0.00e+00	0.00e+00	7.18e-01	2.06e-03	2.34e-03
 3.89621e+19	7.33e-01	2.66e-01	5.25e-04	0.00e+00	0.00e+00	0.00e+00	0.00e+00	0.00e+00	0.00e+00	7.29e-01	2.04e-03	2.31e-03
 3.89663e+19	7.44e-01	2.56e-01	4.56e-04	0.00e+00	0.00e+00	0.00e+00	0.00e+00	0.00e+00	0.00e+00	7.39e-01	2.01e-03	2.28e-03
 3.89703e+19	7.53e-01	2.46e-01	3.99e-04	0.00e+00	0.00e+00	0.00e+00	0.00e+00	0.00e+00	0.00e+00	7.49e-01	1.99e-03	2.25e-03
 3.89742e+19	7.62e-01	2.37e-01	3.50e-04	0.00e+00	0.00e+00	0.00e+00	0.00e+00	0.00e+00	0.00e+00	7.58e-01	1.96e-03	2.23e-03
 3.89781e+19	7.72e-01	2.28e-01	3.05e-04	0.00e+00	0.00e+00	0.00e+00	0.00e+00	0.00e+00	0.00e+00	7.68e-01	1.94e-03	2.20e-03
 3.89822e+19	7.81e-01	2.18e-01	2.65e-04	0.00e+00	0.00e+00	0.00e+00	0.00e+00	0.00e+00	0.00e+00	7.77e-01	1.91e-03	2.16e-03
 3.89861e+19	7.90e-01	2.10e-01	2.31e-04	0.00e+00	0.00e+00	0.00e+00	0.00e+00	0.00e+00	0.00e+00	7.86e-01	1.88e-03	2.13e-03
 3.89899e+19	7.98e-01	2.02e-01	2.02e-04	0.00e+00	0.00e+00	0.00e+00	0.00e+00	0.00e+00	0.00e+00	7.94e-01	1.85e-03	2.10e-03
 3.89938e+19	8.06e-01	1.94e-01	1.76e-04	0.00e+00	0.00e+00	0.00e+00	0.00e+00	0.00e+00	0.00e+00	8.02e-01	1.82e-03	2.07e-03
 3.89977e+19	8.15e-01	1.85e-01	1.52e-04	0.00e+00	0.00e+00	0.00e+00	0.00e+00	0.00e+00	0.00e+00	8.11e-01	1.79e-03	2.03e-03
 3.90016e+19	8.22e-01	1.77e-01	1.32e-04	0.00e+00	0.00e+00	0.00e+00	0.00e+00	0.00e+00	0.00e+00	8.19e-01	1.76e-03	1.99e-03
 3.90053e+19	8.30e-01	1.70e-01	1.15e-04	0.00e+00	0.00e+00	0.00e+00	0.00e+00	0.00e+00	0.00e+00	8.26e-01	1.73e-03	1.96e-03
 3.90090e+19	8.37e-01	1.63e-01	1.00e-04	0.00e+00	0.00e+00	0.00e+00	0.00e+00	0.00e+00	0.00e+00	8.33e-01	1.70e-03	1.93e-03
 3.90128e+19	8.44e-01	1.56e-01	8.63e-05	0.00e+00	0.00e+00	0.00e+00	0.00e+00	0.00e+00	0.00e+00	8.40e-01	1.67e-03	1.89e-03
 3.90166e+19	8.51e-01	1.49e-01	7.47e-05	0.00e+00	0.00e+00	0.00e+00	0.00e+00	0.00e+00	0.00e+00	8.47e-01	1.64e-03	1.86e-03
 3.90202e+19	8.57e-01	1.43e-01	6.50e-05	0.00e+00	0.00e+00	0.00e+00	0.00e+00	0.00e+00	0.00e+00	8.53e-01	1.61e-03	1.82e-03
 3.90238e+19	8.63e-01	1.37e-01	5.65e-05	0.00e+00	0.00e+00	0.00e+00	0.00e+00	0.00e+00	0.00e+00	8.59e-01	1.58e-03	1.79e-03
 3.90275e+19	8.69e-01	1.31e-01	4.89e-05	0.00e+00	0.00e+00	0.00e+00	0.00e+00	0.00e+00	0.00e+00	8.66e-01	1.55e-03	1.76e-03
 3.90311e+19	8.75e-01	1.25e-01	4.24e-05	0.00e+00	0.00e+00	0.00e+00	0.00e+00	0.00e+00	0.00e+00	8.71e-01	1.53e-03	1.73e-03
 3.90346e+19	8.80e-01	1.20e-01	3.69e-05	0.00e+00	0.00e+00	0.00e+00	0.00e+00	0.00e+00	0.00e+00	8.77e-01	1.50e-03	1.70e-03
 3.90380e+19	8.85e-01	1.15e-01	3.22e-05	0.00e+00	0.00e+00	0.00e+00	0.00e+00	0.00e+00	0.00e+00	8.82e-01	1.48e-03	1.67e-03
 3.90414e+19	8.90e-01	1.10e-01	2.80e-05	0.00e+00	0.00e+00	0.00e+00	0.00e+00	0.00e+00	0.00e+00	8.87e-01	1.45e-03	1.64e-03
 3.90448e+19	8.94e-01	1.06e-01	2.44e-05	0.00e+00	0.00e+00	0.00e+00	0.00e+00	0.00e+00	0.00e+00	8.91e-01	1.43e-03	1.61e-03
 3.90481e+19	8.99e-01	1.01e-01	2.13e-05	0.00e+00	0.00e+00	0.00e+00	0.00e+00	0.00e+00	0.00e+00	8.96e-01	1.40e-03	1.58e-03
 3.90513e+19	9.03e-01	9.70e-02	1.87e-05	0.00e+00	0.00e+00	0.00e+00	0.00e+00	0.00e+00	0.00e+00	9.00e-01	1.38e-03	1.56e-03
 3.90545e+19	9.07e-01	9.30e-02	1.63e-05	0.00e+00	0.00e+00	0.00e+00	0.00e+00	0.00e+00	0.00e+00	9.04e-01	1.36e-03	1.53e-03
 3.90577e+19	9.11e-01	8.92e-02	1.42e-05	0.00e+00	0.00e+00	0.00e+00	0.00e+00	0.00e+00	0.00e+00	9.08e-01	1.34e-03	1.51e-03
 3.90609e+19	9.15e-01	8.55e-02	1.25e-05	0.00e+00	0.00e+00	0.00e+00	0.00e+00	0.00e+00	0.00e+00	9.12e-01	1.32e-03	1.48e-03
 3.90640e+19	9.18e-01	8.21e-02	1.10e-05	0.00e+00	0.00e+00	0.00e+00	0.00e+00	0.00e+00	0.00e+00	9.15e-01	1.30e-03	1.46e-03
 3.90670e+19	9.21e-01	7.87e-02	9.62e-06	0.00e+00	0.00e+00	0.00e+00	0.00e+00	0.00e+00	0.00e+00	9.19e-01	1.28e-03	1.44e-03
 3.90701e+19	9.24e-01	7.55e-02	8.44e-06	0.00e+00	0.00e+00	0.00e+00	0.00e+00	0.00e+00	0.00e+00	9.22e-01	1.26e-03	1.42e-03
 3.90731e+19	9.28e-01	7.25e-02	7.41e-06	0.00e+00	0.00e+00	0.00e+00	0.00e+00	0.00e+00	0.00e+00	9.25e-01	1.25e-03	1.40e-03
 3.90760e+19	9.30e-01	6.96e-02	6.53e-06	0.00e+00	0.00e+00	0.00e+00	0.00e+00	0.00e+00	0.00e+00	9.28e-01	1.23e-03	1.38e-03
 3.90789e+19	9.33e-01	6.69e-02	5.76e-06	0.00e+00	0.00e+00	0.00e+00	0.00e+00	0.00e+00	0.00e+00	9.31e-01	1.21e-03	1.36e-03
 3.90819e+19	9.36e-01	6.43e-02	5.07e-06	0.00e+00	0.00e+00	0.00e+00	0.00e+00	0.00e+00	0.00e+00	9.33e-01	1.20e-03	1.34e-03
 3.90848e+19	9.38e-01	6.16e-02	4.46e-06	0.00e+00	0.00e+00	0.00e+00	0.00e+00	0.00e+00	0.00e+00	9.36e-01	1.18e-03	1.32e-03
 3.90876e+19	9.41e-01	5.92e-02	3.93e-06	0.00e+00	0.00e+00	0.00e+00	0.00e+00	0.00e+00	0.00e+00	9.38e-01	1.17e-03	1.31e-03
 3.90904e+19	9.43e-01	5.69e-02	3.47e-06	0.00e+00	0.00e+00	0.00e+00	0.00e+00	0.00e+00	0.00e+00	9.41e-01	1.15e-03	1.29e-03
 3.90932e+19	9.45e-01	5.47e-02	3.07e-06	0.00e+00	0.00e+00	0.00e+00	0.00e+00	0.00e+00	0.00e+00	9.43e-01	1.14e-03	1.27e-03
 3.90960e+19	9.47e-01	5.26e-02	2.71e-06	0.00e+00	0.00e+00	0.00e+00	0.00e+00	0.00e+00	0.00e+00	9.45e-01	1.13e-03	1.26e-03
 3.90988e+19	9.49e-01	5.05e-02	2.40e-06	0.00e+00	0.00e+00	0.00e+00	0.00e+00	0.00e+00	0.00e+00	9.47e-01	1.11e-03	1.24e-03
 3.91015e+19	9.51e-01	4.85e-02	2.12e-06	0.00e+00	0.00e+00	0.00e+00	0.00e+00	0.00e+00	0.00e+00	9.49e-01	1.10e-03	1.23e-03
 3.91042e+19	9.53e-01	4.67e-02	1.88e-06	0.00e+00	0.00e+00	0.00e+00	0.00e+00	0.00e+00	0.00e+00	9.51e-01	1.09e-03	1.22e-03
 3.91069e+19	9.55e-01	4.49e-02	1.66e-06	0.00e+00	0.00e+00	0.00e+00	0.00e+00	0.00e+00	0.00e+00	9.53e-01	1.08e-03	1.20e-03
 3.91096e+19	9.57e-01	4.32e-02	1.48e-06	0.00e+00	0.00e+00	0.00e+00	0.00e+00	0.00e+00	0.00e+00	9.55e-01	1.07e-03	1.19e-03
 3.91123e+19	9.58e-01	4.15e-02	1.31e-06	0.00e+00	0.00e+00	0.00e+00	0.00e+00	0.00e+00	0.00e+00	9.56e-01	1.06e-03	1.18e-03
 3.91149e+19	9.60e-01	4.00e-02	1.16e-06	0.00e+00	0.00e+00	0.00e+00	0.00e+00	0.00e+00	0.00e+00	9.58e-01	1.05e-03	1.17e-03
 3.91176e+19	9.62e-01	3.84e-02	1.03e-06	0.00e+00	0.00e+00	0.00e+00	0.00e+00	0.00e+00	0.00e+00	9.59e-01	1.04e-03	1.16e-03
 3.91202e+19	9.63e-01	3.70e-02	9.14e-07	0.00e+00	0.00e+00	0.00e+00	0.00e+00	0.00e+00	0.00e+00	9.61e-01	1.03e-03	1.15e-03
 3.91228e+19	9.64e-01	3.56e-02	8.12e-07	0.00e+00	0.00e+00	0.00e+00	0.00e+00	0.00e+00	0.00e+00	9.62e-01	1.02e-03	1.13e-03
 3.91254e+19	9.66e-01	3.43e-02	7.22e-07	0.00e+00	0.00e+00	0.00e+00	0.00e+00	0.00e+00	0.00e+00	9.64e-01	1.01e-03	1.12e-03
 3.91279e+19	9.67e-01	3.30e-02	6.41e-07	0.00e+00	0.00e+00	0.00e+00	0.00e+00	0.00e+00	0.00e+00	9.65e-01	1.00e-03	1.11e-03
 3.91305e+19	9.68e-01	3.17e-02	5.70e-07	0.00e+00	0.00e+00	0.00e+00	0.00e+00	0.00e+00	0.00e+00	9.66e-01	9.96e-04	1.11e-03
 3.91331e+19	9.69e-01	3.06e-02	5.07e-07	0.00e+00	0.00e+00	0.00e+00	0.00e+00	0.00e+00	0.00e+00	9.67e-01	9.88e-04	1.10e-03
 3.91356e+19	9.71e-01	2.94e-02	4.52e-07	0.00e+00	0.00e+00	0.00e+00	0.00e+00	0.00e+00	0.00e+00	9.68e-01	9.81e-04	1.09e-03
 3.91381e+19	9.72e-01	2.83e-02	4.02e-07	0.00e+00	0.00e+00	0.00e+00	0.00e+00	0.00e+00	0.00e+00	9.70e-01	9.74e-04	1.08e-03
 3.91407e+19	9.73e-01	2.73e-02	3.58e-07	0.00e+00	0.00e+00	0.00e+00	0.00e+00	0.00e+00	0.00e+00	9.71e-01	9.67e-04	1.07e-03
 3.91432e+19	9.74e-01	2.63e-02	3.19e-07	0.00e+00	0.00e+00	0.00e+00	0.00e+00	0.00e+00	0.00e+00	9.72e-01	9.60e-04	1.06e-03
 3.91457e+19	9.75e-01	2.53e-02	2.85e-07	0.00e+00	0.00e+00	0.00e+00	0.00e+00	0.00e+00	0.00e+00	9.73e-01	9.54e-04	1.06e-03
 3.91481e+19	9.76e-01	2.44e-02	2.54e-07	0.00e+00	0.00e+00	0.00e+00	0.00e+00	0.00e+00	0.00e+00	9.74e-01	9.48e-04	1.05e-03
 3.91507e+19	9.77e-01	2.35e-02	2.26e-07	0.00e+00	0.00e+00	0.00e+00	0.00e+00	0.00e+00	0.00e+00	9.75e-01	9.42e-04	1.04e-03
 3.91531e+19	9.77e-01	2.26e-02	2.01e-07	0.00e+00	0.00e+00	0.00e+00	0.00e+00	0.00e+00	0.00e+00	9.75e-01	9.36e-04	1.03e-03
 3.91556e+19	9.78e-01	2.18e-02	1.80e-07	0.00e+00	0.00e+00	0.00e+00	0.00e+00	0.00e+00	0.00e+00	9.76e-01	9.30e-04	1.03e-03
 3.91581e+19	9.79e-01	2.10e-02	1.61e-07	0.00e+00	0.00e+00	0.00e+00	0.00e+00	0.00e+00	0.00e+00	9.77e-01	9.25e-04	1.02e-03
 3.91605e+19	9.80e-01	2.02e-02	1.43e-07	0.00e+00	0.00e+00	0.00e+00	0.00e+00	0.00e+00	0.00e+00	9.78e-01	9.20e-04	1.02e-03
 3.91630e+19	9.81e-01	1.95e-02	1.28e-07	0.00e+00	0.00e+00	0.00e+00	0.00e+00	0.00e+00	0.00e+00	9.79e-01	9.15e-04	1.01e-03
 3.91654e+19	9.81e-01	1.88e-02	1.14e-07	0.00e+00	0.00e+00	0.00e+00	0.00e+00	0.00e+00	0.00e+00	9.79e-01	9.10e-04	1.00e-03
 3.91679e+19	9.82e-01	1.81e-02	1.02e-07	0.00e+00	0.00e+00	0.00e+00	0.00e+00	0.00e+00	0.00e+00	9.80e-01	9.05e-04	9.98e-04
 3.91703e+19	9.83e-01	1.74e-02	9.13e-08	0.00e+00	0.00e+00	0.00e+00	0.00e+00	0.00e+00	0.00e+00	9.81e-01	9.00e-04	9.92e-04
 3.91728e+19	9.83e-01	1.68e-02	8.15e-08	0.00e+00	0.00e+00	0.00e+00	0.00e+00	0.00e+00	0.00e+00	9.81e-01	8.96e-04	9.86e-04
 3.91752e+19	9.84e-01	1.62e-02	7.29e-08	0.00e+00	0.00e+00	0.00e+00	0.00e+00	0.00e+00	0.00e+00	9.82e-01	8.91e-04	9.81e-04
 3.91776e+19	9.84e-01	1.55e-02	6.50e-08	0.00e+00	0.00e+00	0.00e+00	0.00e+00	0.00e+00	0.00e+00	9.83e-01	8.86e-04	9.75e-04
