#depth	He	He+	He+2
 5.04056e+13	7.31e-04	9.97e-01	2.66e-03
 3.02434e+14	7.31e-04	9.97e-01	2.65e-03
 1.31055e+15	7.33e-04	9.97e-01	2.63e-03
 5.34300e+15	7.39e-04	9.97e-01	2.52e-03
 1.27627e+16	7.51e-04	9.97e-01	2.44e-03
 2.24083e+16	7.66e-04	9.97e-01	2.27e-03
 3.49476e+16	7.87e-04	9.97e-01	2.00e-03
 5.12487e+16	8.14e-04	9.98e-01	1.66e-03
 7.24402e+16	8.49e-04	9.98e-01	1.27e-03
 9.99890e+16	8.97e-04	9.98e-01	8.76e-04
 1.35803e+17	9.61e-04	9.99e-01	5.29e-04
 1.78354e+17	1.04e-03	9.99e-01	2.86e-04
 2.23864e+17	1.13e-03	9.99e-01	1.47e-04
 2.71195e+17	1.22e-03	9.99e-01	7.42e-05
 3.20418e+17	1.33e-03	9.99e-01	3.68e-05
 3.71611e+17	1.44e-03	9.99e-01	1.80e-05
 4.24852e+17	1.57e-03	9.98e-01	8.77e-06
 4.80222e+17	1.70e-03	9.98e-01	4.25e-06
 5.37807e+17	1.85e-03	9.98e-01	2.06e-06
 5.95697e+17	2.01e-03	9.98e-01	1.02e-06
 6.55441e+17	2.18e-03	9.98e-01	5.17e-07
 7.17692e+17	2.37e-03	9.98e-01	2.65e-07
 7.79267e+17	2.56e-03	9.97e-01	1.42e-07
 8.45187e+17	2.78e-03	9.97e-01	7.61e-08
 9.14335e+17	3.03e-03	9.97e-01	4.18e-08
 9.79733e+17	3.28e-03	9.97e-01	2.49e-08
 1.05078e+18	3.57e-03	9.96e-01	1.49e-08
 1.12688e+18	3.90e-03	9.96e-01	9.31e-09
 1.19636e+18	4.22e-03	9.96e-01	6.51e-09
 1.27182e+18	4.61e-03	9.95e-01	4.71e-09
 1.35288e+18	5.04e-03	9.95e-01	3.67e-09
 1.42433e+18	5.46e-03	9.95e-01	3.13e-09
 1.49011e+18	5.88e-03	9.94e-01	2.82e-09
 1.56546e+18	6.43e-03	9.94e-01	2.59e-09
 1.64641e+18	7.05e-03	9.93e-01	2.46e-09
 1.71715e+18	7.65e-03	9.92e-01	2.39e-09
 1.78077e+18	8.25e-03	9.92e-01	2.35e-09
 1.85263e+18	9.03e-03	9.91e-01	2.33e-09
 1.92915e+18	9.93e-03	9.90e-01	2.33e-09
 1.99446e+18	1.08e-02	9.89e-01	2.33e-09
 2.05158e+18	1.17e-02	9.88e-01	2.35e-09
 2.11529e+18	1.28e-02	9.87e-01	2.37e-09
 2.18299e+18	1.42e-02	9.86e-01	2.40e-09
 2.24009e+18	1.55e-02	9.85e-01	2.44e-09
 2.28882e+18	1.68e-02	9.83e-01	2.47e-09
 2.34248e+18	1.85e-02	9.81e-01	2.51e-09
 2.39964e+18	2.07e-02	9.79e-01	2.56e-09
 2.44772e+18	2.28e-02	9.77e-01	2.62e-09
 2.48818e+18	2.49e-02	9.75e-01	2.67e-09
 2.53231e+18	2.78e-02	9.72e-01	2.73e-09
 2.57962e+18	3.15e-02	9.69e-01	2.82e-09
 2.61978e+18	3.53e-02	9.65e-01	2.90e-09
 2.65015e+18	3.89e-02	9.61e-01	2.97e-09
 2.67419e+18	4.23e-02	9.58e-01	3.06e-09
 2.70058e+18	4.67e-02	9.53e-01	3.16e-09
 2.73488e+18	5.37e-02	9.46e-01	3.25e-09
 2.76910e+18	6.27e-02	9.37e-01	3.44e-09
 2.79523e+18	7.19e-02	9.28e-01	3.62e-09
 2.81638e+18	8.13e-02	9.19e-01	3.83e-09
 2.83596e+18	9.21e-02	9.08e-01	4.04e-09
 2.85508e+18	1.05e-01	8.95e-01	4.28e-09
 2.87280e+18	1.21e-01	8.79e-01	4.57e-09
 2.88817e+18	1.38e-01	8.62e-01	4.90e-09
 2.90147e+18	1.57e-01	8.43e-01	5.23e-09
 2.91342e+18	1.78e-01	8.22e-01	5.49e-09
 2.92430e+18	2.01e-01	7.99e-01	5.86e-09
 2.93418e+18	2.27e-01	7.73e-01	6.30e-09
 2.94317e+18	2.55e-01	7.45e-01	6.97e-09
 2.95146e+18	2.85e-01	7.15e-01	7.59e-09
 2.95912e+18	3.18e-01	6.82e-01	8.28e-09
 2.96605e+18	3.53e-01	6.47e-01	9.04e-09
 2.97235e+18	3.88e-01	6.12e-01	9.88e-09
 2.97816e+18	4.25e-01	5.75e-01	1.08e-08
 2.98361e+18	4.63e-01	5.37e-01	1.19e-08
 2.98873e+18	5.00e-01	5.00e-01	1.32e-08
 2.99352e+18	5.37e-01	4.63e-01	1.50e-08
 2.99807e+18	5.73e-01	4.27e-01	1.68e-08
 3.00239e+18	6.08e-01	3.92e-01	1.90e-08
 3.00612e+18	6.36e-01	3.64e-01	2.16e-08
 3.00902e+18	6.58e-01	3.42e-01	2.42e-08
 3.01129e+18	6.74e-01	3.26e-01	2.66e-08
 3.01328e+18	6.88e-01	3.12e-01	2.91e-08
 3.01518e+18	7.01e-01	2.99e-01	3.18e-08
 3.01701e+18	7.13e-01	2.87e-01	3.46e-08
 3.01871e+18	7.23e-01	2.77e-01	3.80e-08
 3.02023e+18	7.32e-01	2.68e-01	4.11e-08
 3.02160e+18	7.39e-01	2.61e-01	4.46e-08
 3.02292e+18	7.46e-01	2.54e-01	4.81e-08
 3.02398e+18	7.51e-01	2.49e-01	5.14e-08
 3.02475e+18	7.55e-01	2.45e-01	5.40e-08
 3.02549e+18	7.58e-01	2.42e-01	5.64e-08
 3.02631e+18	7.62e-01	2.38e-01	5.93e-08
 3.02718e+18	7.66e-01	2.34e-01	6.26e-08
 3.02804e+18	7.70e-01	2.30e-01	6.62e-08
 3.02887e+18	7.73e-01	2.27e-01	6.99e-08
 3.02968e+18	7.76e-01	2.24e-01	7.36e-08
 3.03049e+18	7.79e-01	2.21e-01	7.78e-08
 3.03131e+18	7.83e-01	2.17e-01	8.19e-08
 3.03212e+18	7.85e-01	2.15e-01	8.68e-08
 3.03292e+18	7.88e-01	2.12e-01	9.16e-08
 3.03374e+18	7.91e-01	2.09e-01	9.67e-08
 3.03454e+18	7.94e-01	2.06e-01	1.02e-07
 3.03532e+18	7.96e-01	2.04e-01	1.08e-07
 3.03612e+18	7.98e-01	2.02e-01	1.14e-07
 3.03693e+18	8.01e-01	1.99e-01	1.20e-07
 3.03773e+18	8.03e-01	1.97e-01	1.27e-07
 3.03851e+18	8.05e-01	1.95e-01	1.34e-07
 3.03931e+18	8.07e-01	1.93e-01	1.41e-07
 3.04011e+18	8.09e-01	1.91e-01	1.49e-07
 3.04092e+18	8.11e-01	1.89e-01	1.57e-07
 3.04172e+18	8.13e-01	1.87e-01	1.66e-07
 3.04252e+18	8.15e-01	1.85e-01	1.74e-07
 3.04333e+18	8.17e-01	1.83e-01	1.84e-07
 3.04414e+18	8.19e-01	1.81e-01	1.93e-07
 3.04495e+18	8.21e-01	1.79e-01	2.03e-07
 3.04577e+18	8.23e-01	1.77e-01	2.14e-07
 3.04658e+18	8.25e-01	1.75e-01	2.25e-07
 3.04740e+18	8.27e-01	1.73e-01	2.36e-07
 3.04821e+18	8.29e-01	1.71e-01	2.48e-07
 3.04903e+18	8.31e-01	1.69e-01	2.59e-07
 3.04985e+18	8.32e-01	1.68e-01	2.72e-07
 3.05067e+18	8.34e-01	1.66e-01	2.84e-07
 3.05149e+18	8.36e-01	1.64e-01	2.97e-07
 3.05232e+18	8.38e-01	1.62e-01	3.10e-07
 3.05316e+18	8.40e-01	1.60e-01	3.24e-07
 3.05400e+18	8.42e-01	1.58e-01	3.37e-07
 3.05485e+18	8.44e-01	1.56e-01	3.51e-07
 3.05570e+18	8.46e-01	1.54e-01	3.65e-07
 3.05656e+18	8.48e-01	1.52e-01	3.79e-07
 3.05743e+18	8.50e-01	1.50e-01	3.94e-07
 3.05831e+18	8.52e-01	1.48e-01	4.09e-07
 3.05919e+18	8.54e-01	1.46e-01	4.23e-07
 3.06009e+18	8.57e-01	1.43e-01	4.38e-07
 3.06099e+18	8.59e-01	1.41e-01	4.52e-07
 3.06191e+18	8.61e-01	1.39e-01	4.67e-07
 3.06283e+18	8.64e-01	1.36e-01	4.82e-07
 3.06377e+18	8.66e-01	1.34e-01	4.96e-07
 3.06472e+18	8.68e-01	1.32e-01	5.10e-07
 3.06568e+18	8.71e-01	1.29e-01	5.24e-07
 3.06665e+18	8.73e-01	1.27e-01	5.38e-07
 3.06763e+18	8.76e-01	1.24e-01	5.51e-07
 3.06862e+18	8.79e-01	1.21e-01	5.64e-07
 3.06963e+18	8.81e-01	1.19e-01	5.76e-07
 3.07064e+18	8.84e-01	1.16e-01	5.88e-07
 3.07167e+18	8.86e-01	1.14e-01	6.00e-07
 3.07271e+18	8.89e-01	1.11e-01	6.10e-07
 3.07376e+18	8.92e-01	1.08e-01	6.21e-07
 3.07481e+18	8.94e-01	1.06e-01	6.31e-07
 3.07587e+18	8.97e-01	1.03e-01	6.39e-07
 3.07694e+18	9.00e-01	1.00e-01	6.47e-07
 3.07803e+18	9.02e-01	9.75e-02	6.55e-07
 3.07912e+18	9.05e-01	9.49e-02	6.61e-07
 3.08021e+18	9.08e-01	9.22e-02	6.67e-07
 3.08131e+18	9.10e-01	8.96e-02	6.71e-07
 3.08241e+18	9.13e-01	8.70e-02	6.75e-07
 3.08351e+18	9.16e-01	8.44e-02	6.77e-07
 3.08462e+18	9.18e-01	8.19e-02	6.79e-07
 3.08573e+18	9.21e-01	7.94e-02	6.80e-07
 3.08683e+18	9.23e-01	7.70e-02	6.80e-07
 3.08792e+18	9.25e-01	7.46e-02	6.79e-07
 3.08901e+18	9.28e-01	7.23e-02	6.77e-07
 3.09008e+18	9.30e-01	7.00e-02	6.75e-07
 3.09114e+18	9.32e-01	6.79e-02	6.72e-07
 3.09212e+18	9.34e-01	6.58e-02	6.65e-07
 3.09301e+18	9.36e-01	6.42e-02	6.63e-07
 3.09383e+18	9.37e-01	6.26e-02	6.58e-07
 3.09458e+18	9.39e-01	6.11e-02	6.53e-07
 3.09528e+18	9.40e-01	5.99e-02	6.52e-07
