#depth	O	O+	O+2	O+3	O+4	O+5	O+6	O+7	O+8	O[1]	O[2]	O[3]
 5.24870e+13	8.20e-07	1.34e-02	9.81e-01	5.91e-03	0.00e+00	0.00e+00	0.00e+00	0.00e+00	0.00e+00	8.03e-07	7.69e-09	8.70e-09
 3.14922e+14	8.20e-07	1.34e-02	9.81e-01	5.88e-03	0.00e+00	0.00e+00	0.00e+00	0.00e+00	0.00e+00	8.04e-07	7.67e-09	8.68e-09
 1.36466e+15	8.23e-07	1.35e-02	9.81e-01	5.79e-03	0.00e+00	0.00e+00	0.00e+00	0.00e+00	0.00e+00	8.07e-07	7.70e-09	8.71e-09
 5.56362e+15	8.36e-07	1.35e-02	9.81e-01	5.44e-03	0.00e+00	0.00e+00	0.00e+00	0.00e+00	0.00e+00	8.19e-07	7.81e-09	8.84e-09
 1.32897e+16	8.59e-07	1.37e-02	9.81e-01	4.97e-03	0.00e+00	0.00e+00	0.00e+00	0.00e+00	0.00e+00	8.41e-07	7.98e-09	9.04e-09
 2.33336e+16	8.90e-07	1.39e-02	9.82e-01	4.40e-03	0.00e+00	0.00e+00	0.00e+00	0.00e+00	0.00e+00	8.72e-07	8.22e-09	9.32e-09
 3.63907e+16	9.33e-07	1.42e-02	9.82e-01	3.74e-03	0.00e+00	0.00e+00	0.00e+00	0.00e+00	0.00e+00	9.14e-07	8.54e-09	9.70e-09
 5.33649e+16	9.91e-07	1.46e-02	9.82e-01	3.02e-03	0.00e+00	0.00e+00	0.00e+00	0.00e+00	0.00e+00	9.72e-07	9.00e-09	1.02e-08
 7.54314e+16	1.07e-06	1.51e-02	9.83e-01	2.27e-03	0.00e+00	0.00e+00	0.00e+00	0.00e+00	0.00e+00	1.05e-06	9.65e-09	1.10e-08
 1.04118e+17	1.18e-06	1.58e-02	9.83e-01	1.56e-03	0.00e+00	0.00e+00	0.00e+00	0.00e+00	0.00e+00	1.16e-06	1.06e-08	1.20e-08
 1.41410e+17	1.35e-06	1.68e-02	9.82e-01	9.62e-04	0.00e+00	0.00e+00	0.00e+00	0.00e+00	0.00e+00	1.32e-06	1.18e-08	1.35e-08
 1.89890e+17	1.58e-06	1.81e-02	9.81e-01	5.15e-04	0.00e+00	0.00e+00	0.00e+00	0.00e+00	0.00e+00	1.55e-06	1.37e-08	1.56e-08
 2.47225e+17	1.90e-06	1.96e-02	9.80e-01	2.49e-04	0.00e+00	0.00e+00	0.00e+00	0.00e+00	0.00e+00	1.87e-06	1.62e-08	1.84e-08
 3.08290e+17	2.30e-06	2.14e-02	9.79e-01	1.18e-04	0.00e+00	0.00e+00	0.00e+00	0.00e+00	0.00e+00	2.26e-06	1.93e-08	2.20e-08
 3.71796e+17	2.78e-06	2.33e-02	9.77e-01	5.63e-05	0.00e+00	0.00e+00	0.00e+00	0.00e+00	0.00e+00	2.74e-06	2.31e-08	2.62e-08
 4.37844e+17	3.38e-06	2.54e-02	9.75e-01	2.74e-05	0.00e+00	0.00e+00	0.00e+00	0.00e+00	0.00e+00	3.32e-06	2.76e-08	3.13e-08
 5.06533e+17	4.10e-06	2.77e-02	9.72e-01	1.36e-05	0.00e+00	0.00e+00	0.00e+00	0.00e+00	0.00e+00	4.03e-06	3.31e-08	3.75e-08
 5.77969e+17	4.98e-06	3.03e-02	9.70e-01	7.01e-06	0.00e+00	0.00e+00	0.00e+00	0.00e+00	0.00e+00	4.90e-06	3.97e-08	4.50e-08
 6.52263e+17	6.06e-06	3.31e-02	9.67e-01	3.73e-06	0.00e+00	0.00e+00	0.00e+00	0.00e+00	0.00e+00	5.96e-06	4.77e-08	5.41e-08
 7.29529e+17	7.39e-06	3.62e-02	9.64e-01	2.05e-06	0.00e+00	0.00e+00	0.00e+00	0.00e+00	0.00e+00	7.26e-06	5.75e-08	6.52e-08
 8.07365e+17	8.96e-06	3.95e-02	9.61e-01	1.18e-06	0.00e+00	0.00e+00	0.00e+00	0.00e+00	0.00e+00	8.81e-06	6.90e-08	7.82e-08
 8.88102e+17	1.09e-05	4.31e-02	9.57e-01	7.00e-07	0.00e+00	0.00e+00	0.00e+00	0.00e+00	0.00e+00	1.07e-05	8.30e-08	9.41e-08
 9.74588e+17	1.33e-05	4.72e-02	9.53e-01	4.18e-07	0.00e+00	0.00e+00	0.00e+00	0.00e+00	0.00e+00	1.31e-05	1.01e-07	1.14e-07
 1.06475e+18	1.63e-05	5.18e-02	9.48e-01	2.54e-07	0.00e+00	0.00e+00	0.00e+00	0.00e+00	0.00e+00	1.61e-05	1.22e-07	1.39e-07
 1.15851e+18	2.01e-05	5.69e-02	9.43e-01	1.58e-07	0.00e+00	0.00e+00	0.00e+00	0.00e+00	0.00e+00	1.98e-05	1.49e-07	1.69e-07
 1.25603e+18	2.47e-05	6.25e-02	9.37e-01	0.00e+00	0.00e+00	0.00e+00	0.00e+00	0.00e+00	0.00e+00	2.44e-05	1.82e-07	2.07e-07
 1.34832e+18	2.99e-05	6.82e-02	9.32e-01	0.00e+00	0.00e+00	0.00e+00	0.00e+00	0.00e+00	0.00e+00	2.95e-05	2.18e-07	2.48e-07
 1.43107e+18	3.54e-05	7.36e-02	9.26e-01	0.00e+00	0.00e+00	0.00e+00	0.00e+00	0.00e+00	0.00e+00	3.49e-05	2.57e-07	2.92e-07
 1.52347e+18	4.27e-05	8.01e-02	9.20e-01	0.00e+00	0.00e+00	0.00e+00	0.00e+00	0.00e+00	0.00e+00	4.21e-05	3.08e-07	3.51e-07
 1.62534e+18	5.21e-05	8.76e-02	9.12e-01	0.00e+00	0.00e+00	0.00e+00	0.00e+00	0.00e+00	0.00e+00	5.13e-05	3.74e-07	4.26e-07
 1.71850e+18	6.24e-05	9.50e-02	9.05e-01	0.00e+00	0.00e+00	0.00e+00	0.00e+00	0.00e+00	0.00e+00	6.14e-05	4.45e-07	5.07e-07
 1.80456e+18	7.36e-05	1.02e-01	8.98e-01	0.00e+00	0.00e+00	0.00e+00	0.00e+00	0.00e+00	0.00e+00	7.24e-05	5.22e-07	5.96e-07
 1.90243e+18	8.88e-05	1.11e-01	8.89e-01	0.00e+00	0.00e+00	0.00e+00	0.00e+00	0.00e+00	0.00e+00	8.75e-05	6.28e-07	7.18e-07
 2.00795e+18	1.08e-04	1.21e-01	8.78e-01	0.00e+00	0.00e+00	0.00e+00	0.00e+00	0.00e+00	0.00e+00	1.07e-04	7.62e-07	8.70e-07
 2.10106e+18	1.29e-04	1.31e-01	8.69e-01	0.00e+00	0.00e+00	0.00e+00	0.00e+00	0.00e+00	0.00e+00	1.27e-04	9.03e-07	1.03e-06
 2.18586e+18	1.51e-04	1.41e-01	8.59e-01	0.00e+00	0.00e+00	0.00e+00	0.00e+00	0.00e+00	0.00e+00	1.49e-04	1.06e-06	1.21e-06
 2.28221e+18	1.82e-04	1.52e-01	8.47e-01	0.00e+00	0.00e+00	0.00e+00	0.00e+00	0.00e+00	0.00e+00	1.79e-04	1.27e-06	1.45e-06
 2.38530e+18	2.21e-04	1.66e-01	8.34e-01	0.00e+00	0.00e+00	0.00e+00	0.00e+00	0.00e+00	0.00e+00	2.17e-04	1.54e-06	1.76e-06
 2.47447e+18	2.62e-04	1.79e-01	8.21e-01	0.00e+00	0.00e+00	0.00e+00	0.00e+00	0.00e+00	0.00e+00	2.58e-04	1.82e-06	2.08e-06
 2.55381e+18	3.06e-04	1.91e-01	8.09e-01	0.00e+00	0.00e+00	0.00e+00	0.00e+00	0.00e+00	0.00e+00	3.01e-04	2.13e-06	2.43e-06
 2.64307e+18	3.67e-04	2.06e-01	7.93e-01	0.00e+00	0.00e+00	0.00e+00	0.00e+00	0.00e+00	0.00e+00	3.61e-04	2.55e-06	2.91e-06
 2.73800e+18	4.45e-04	2.24e-01	7.76e-01	0.00e+00	0.00e+00	0.00e+00	0.00e+00	0.00e+00	0.00e+00	4.38e-04	3.09e-06	3.53e-06
 2.81867e+18	5.27e-04	2.40e-01	7.59e-01	0.00e+00	0.00e+00	0.00e+00	0.00e+00	0.00e+00	0.00e+00	5.19e-04	3.67e-06	4.18e-06
 2.88879e+18	6.14e-04	2.56e-01	7.44e-01	0.00e+00	0.00e+00	0.00e+00	0.00e+00	0.00e+00	0.00e+00	6.04e-04	4.27e-06	4.87e-06
 2.96681e+18	7.33e-04	2.75e-01	7.24e-01	0.00e+00	0.00e+00	0.00e+00	0.00e+00	0.00e+00	0.00e+00	7.22e-04	5.11e-06	5.82e-06
 3.04971e+18	8.88e-04	2.98e-01	7.01e-01	0.00e+00	0.00e+00	0.00e+00	0.00e+00	0.00e+00	0.00e+00	8.75e-04	6.20e-06	7.05e-06
 3.11958e+18	1.05e-03	3.19e-01	6.80e-01	0.00e+00	0.00e+00	0.00e+00	0.00e+00	0.00e+00	0.00e+00	1.04e-03	7.36e-06	8.36e-06
 3.17925e+18	1.22e-03	3.39e-01	6.60e-01	0.00e+00	0.00e+00	0.00e+00	0.00e+00	0.00e+00	0.00e+00	1.20e-03	8.58e-06	9.73e-06
 3.24499e+18	1.46e-03	3.63e-01	6.36e-01	0.00e+00	0.00e+00	0.00e+00	0.00e+00	0.00e+00	0.00e+00	1.43e-03	1.02e-05	1.16e-05
 3.31503e+18	1.76e-03	3.91e-01	6.07e-01	0.00e+00	0.00e+00	0.00e+00	0.00e+00	0.00e+00	0.00e+00	1.74e-03	1.24e-05	1.41e-05
 3.37406e+18	2.09e-03	4.18e-01	5.80e-01	0.00e+00	0.00e+00	0.00e+00	0.00e+00	0.00e+00	0.00e+00	2.06e-03	1.48e-05	1.67e-05
 3.42400e+18	2.44e-03	4.42e-01	5.55e-01	0.00e+00	0.00e+00	0.00e+00	0.00e+00	0.00e+00	0.00e+00	2.40e-03	1.72e-05	1.94e-05
 3.47867e+18	2.90e-03	4.72e-01	5.25e-01	0.00e+00	0.00e+00	0.00e+00	0.00e+00	0.00e+00	0.00e+00	2.85e-03	2.04e-05	2.31e-05
 3.53719e+18	3.52e-03	5.06e-01	4.91e-01	0.00e+00	0.00e+00	0.00e+00	0.00e+00	0.00e+00	0.00e+00	3.46e-03	2.48e-05	2.80e-05
 3.58685e+18	4.19e-03	5.38e-01	4.58e-01	0.00e+00	0.00e+00	0.00e+00	0.00e+00	0.00e+00	0.00e+00	4.13e-03	2.94e-05	3.32e-05
 3.62884e+18	4.89e-03	5.67e-01	4.28e-01	0.00e+00	0.00e+00	0.00e+00	0.00e+00	0.00e+00	0.00e+00	4.82e-03	3.44e-05	3.87e-05
 3.67472e+18	5.84e-03	6.00e-01	3.94e-01	0.00e+00	0.00e+00	0.00e+00	0.00e+00	0.00e+00	0.00e+00	5.76e-03	4.10e-05	4.62e-05
 3.72411e+18	7.15e-03	6.39e-01	3.54e-01	0.00e+00	0.00e+00	0.00e+00	0.00e+00	0.00e+00	0.00e+00	7.04e-03	5.00e-05	5.63e-05
 3.76651e+18	8.60e-03	6.73e-01	3.18e-01	0.00e+00	0.00e+00	0.00e+00	0.00e+00	0.00e+00	0.00e+00	8.47e-03	6.00e-05	6.75e-05
 3.80267e+18	1.02e-02	7.04e-01	2.86e-01	0.00e+00	0.00e+00	0.00e+00	0.00e+00	0.00e+00	0.00e+00	1.00e-02	7.08e-05	7.96e-05
 3.83482e+18	1.18e-02	7.31e-01	2.57e-01	0.00e+00	0.00e+00	0.00e+00	0.00e+00	0.00e+00	0.00e+00	1.17e-02	8.25e-05	9.27e-05
 3.86419e+18	1.38e-02	7.57e-01	2.30e-01	0.00e+00	0.00e+00	0.00e+00	0.00e+00	0.00e+00	0.00e+00	1.36e-02	9.58e-05	1.08e-04
 3.89740e+18	1.65e-02	7.85e-01	1.99e-01	0.00e+00	0.00e+00	0.00e+00	0.00e+00	0.00e+00	0.00e+00	1.62e-02	1.14e-04	1.28e-04
 3.93301e+18	2.03e-02	8.14e-01	1.66e-01	0.00e+00	0.00e+00	0.00e+00	0.00e+00	0.00e+00	0.00e+00	2.00e-02	1.40e-04	1.57e-04
 3.96364e+18	2.47e-02	8.37e-01	1.38e-01	0.00e+00	0.00e+00	0.00e+00	0.00e+00	0.00e+00	0.00e+00	2.43e-02	1.70e-04	1.91e-04
 3.98939e+18	2.94e-02	8.55e-01	1.15e-01	0.00e+00	0.00e+00	0.00e+00	0.00e+00	0.00e+00	0.00e+00	2.90e-02	2.02e-04	2.26e-04
 4.01289e+18	3.51e-02	8.70e-01	9.54e-02	0.00e+00	0.00e+00	0.00e+00	0.00e+00	0.00e+00	0.00e+00	3.45e-02	2.39e-04	2.69e-04
 4.03421e+18	4.18e-02	8.80e-01	7.83e-02	0.00e+00	0.00e+00	0.00e+00	0.00e+00	0.00e+00	0.00e+00	4.11e-02	2.84e-04	3.18e-04
 4.05205e+18	4.89e-02	8.86e-01	6.48e-02	0.00e+00	0.00e+00	0.00e+00	0.00e+00	0.00e+00	0.00e+00	4.82e-02	3.30e-04	3.71e-04
 4.06737e+18	5.68e-02	8.89e-01	5.39e-02	0.00e+00	0.00e+00	0.00e+00	0.00e+00	0.00e+00	0.00e+00	5.60e-02	3.81e-04	4.28e-04
 4.08136e+18	6.59e-02	8.90e-01	4.46e-02	0.00e+00	0.00e+00	0.00e+00	0.00e+00	0.00e+00	0.00e+00	6.50e-02	4.39e-04	4.93e-04
 4.09432e+18	7.65e-02	8.87e-01	3.66e-02	0.00e+00	0.00e+00	0.00e+00	0.00e+00	0.00e+00	0.00e+00	7.54e-02	5.06e-04	5.68e-04
 4.10610e+18	8.87e-02	8.81e-01	2.99e-02	0.00e+00	0.00e+00	0.00e+00	0.00e+00	0.00e+00	0.00e+00	8.75e-02	5.81e-04	6.53e-04
 4.11657e+18	1.03e-01	8.73e-01	2.43e-02	0.00e+00	0.00e+00	0.00e+00	0.00e+00	0.00e+00	0.00e+00	1.01e-01	6.65e-04	7.48e-04
 4.12579e+18	1.17e-01	8.63e-01	2.00e-02	0.00e+00	0.00e+00	0.00e+00	0.00e+00	0.00e+00	0.00e+00	1.16e-01	7.51e-04	8.45e-04
 4.13427e+18	1.35e-01	8.49e-01	1.63e-02	0.00e+00	0.00e+00	0.00e+00	0.00e+00	0.00e+00	0.00e+00	1.33e-01	8.49e-04	9.55e-04
 4.14225e+18	1.55e-01	8.32e-01	1.31e-02	0.00e+00	0.00e+00	0.00e+00	0.00e+00	0.00e+00	0.00e+00	1.53e-01	9.59e-04	1.08e-03
 4.14944e+18	1.77e-01	8.13e-01	1.06e-02	0.00e+00	0.00e+00	0.00e+00	0.00e+00	0.00e+00	0.00e+00	1.75e-01	1.08e-03	1.21e-03
 4.15584e+18	2.01e-01	7.91e-01	8.53e-03	0.00e+00	0.00e+00	0.00e+00	0.00e+00	0.00e+00	0.00e+00	1.98e-01	1.20e-03	1.35e-03
 4.16173e+18	2.27e-01	7.66e-01	6.88e-03	0.00e+00	0.00e+00	0.00e+00	0.00e+00	0.00e+00	0.00e+00	2.24e-01	1.32e-03	1.49e-03
 4.16725e+18	2.55e-01	7.39e-01	5.53e-03	0.00e+00	0.00e+00	0.00e+00	0.00e+00	0.00e+00	0.00e+00	2.52e-01	1.45e-03	1.63e-03
 4.17251e+18	2.88e-01	7.08e-01	4.39e-03	0.00e+00	0.00e+00	0.00e+00	0.00e+00	0.00e+00	0.00e+00	2.84e-01	1.58e-03	1.78e-03
 4.17743e+18	3.22e-01	6.74e-01	3.48e-03	0.00e+00	0.00e+00	0.00e+00	0.00e+00	0.00e+00	0.00e+00	3.19e-01	1.70e-03	1.93e-03
 4.18197e+18	3.58e-01	6.39e-01	2.76e-03	0.00e+00	0.00e+00	0.00e+00	0.00e+00	0.00e+00	0.00e+00	3.54e-01	1.82e-03	2.06e-03
 4.18607e+18	3.94e-01	6.03e-01	2.20e-03	0.00e+00	0.00e+00	0.00e+00	0.00e+00	0.00e+00	0.00e+00	3.90e-01	1.92e-03	2.18e-03
 4.18955e+18	4.28e-01	5.71e-01	1.80e-03	0.00e+00	0.00e+00	0.00e+00	0.00e+00	0.00e+00	0.00e+00	4.23e-01	2.00e-03	2.27e-03
 4.19245e+18	4.57e-01	5.42e-01	1.51e-03	0.00e+00	0.00e+00	0.00e+00	0.00e+00	0.00e+00	0.00e+00	4.53e-01	2.06e-03	2.34e-03
 4.19504e+18	4.83e-01	5.16e-01	1.28e-03	0.00e+00	0.00e+00	0.00e+00	0.00e+00	0.00e+00	0.00e+00	4.79e-01	2.10e-03	2.39e-03
 4.19748e+18	5.08e-01	4.91e-01	1.10e-03	0.00e+00	0.00e+00	0.00e+00	0.00e+00	0.00e+00	0.00e+00	5.04e-01	2.13e-03	2.42e-03
 4.19979e+18	5.32e-01	4.67e-01	9.45e-04	0.00e+00	0.00e+00	0.00e+00	0.00e+00	0.00e+00	0.00e+00	5.28e-01	2.15e-03	2.44e-03
 4.20197e+18	5.55e-01	4.44e-01	8.18e-04	0.00e+00	0.00e+00	0.00e+00	0.00e+00	0.00e+00	0.00e+00	5.50e-01	2.16e-03	2.46e-03
 4.20401e+18	5.76e-01	4.23e-01	7.14e-04	0.00e+00	0.00e+00	0.00e+00	0.00e+00	0.00e+00	0.00e+00	5.71e-01	2.17e-03	2.46e-03
 4.20596e+18	5.96e-01	4.04e-01	6.26e-04	0.00e+00	0.00e+00	0.00e+00	0.00e+00	0.00e+00	0.00e+00	5.91e-01	2.16e-03	2.46e-03
 4.20753e+18	6.11e-01	3.88e-01	5.63e-04	0.00e+00	0.00e+00	0.00e+00	0.00e+00	0.00e+00	0.00e+00	6.07e-01	2.16e-03	2.45e-03
 4.20863e+18	6.22e-01	3.78e-01	5.23e-04	0.00e+00	0.00e+00	0.00e+00	0.00e+00	0.00e+00	0.00e+00	6.17e-01	2.15e-03	2.45e-03
 4.20966e+18	6.32e-01	3.67e-01	4.86e-04	0.00e+00	0.00e+00	0.00e+00	0.00e+00	0.00e+00	0.00e+00	6.28e-01	2.14e-03	2.44e-03
 4.21088e+18	6.43e-01	3.57e-01	4.48e-04	0.00e+00	0.00e+00	0.00e+00	0.00e+00	0.00e+00	0.00e+00	6.38e-01	2.13e-03	2.43e-03
 4.21225e+18	6.56e-01	3.44e-01	4.07e-04	0.00e+00	0.00e+00	0.00e+00	0.00e+00	0.00e+00	0.00e+00	6.51e-01	2.12e-03	2.41e-03
 4.21361e+18	6.68e-01	3.32e-01	3.71e-04	0.00e+00	0.00e+00	0.00e+00	0.00e+00	0.00e+00	0.00e+00	6.63e-01	2.11e-03	2.40e-03
 4.21489e+18	6.79e-01	3.21e-01	3.40e-04	0.00e+00	0.00e+00	0.00e+00	0.00e+00	0.00e+00	0.00e+00	6.75e-01	2.09e-03	2.38e-03
 4.21615e+18	6.90e-01	3.10e-01	3.12e-04	0.00e+00	0.00e+00	0.00e+00	0.00e+00	0.00e+00	0.00e+00	6.85e-01	2.07e-03	2.36e-03
 4.21746e+18	7.01e-01	2.99e-01	2.85e-04	0.00e+00	0.00e+00	0.00e+00	0.00e+00	0.00e+00	0.00e+00	6.96e-01	2.05e-03	2.34e-03
 4.21880e+18	7.11e-01	2.89e-01	2.60e-04	0.00e+00	0.00e+00	0.00e+00	0.00e+00	0.00e+00	0.00e+00	7.07e-01	2.04e-03	2.32e-03
 4.22016e+18	7.21e-01	2.78e-01	2.37e-04	0.00e+00	0.00e+00	0.00e+00	0.00e+00	0.00e+00	0.00e+00	7.17e-01	2.01e-03	2.29e-03
 4.22154e+18	7.32e-01	2.68e-01	2.16e-04	0.00e+00	0.00e+00	0.00e+00	0.00e+00	0.00e+00	0.00e+00	7.27e-01	1.99e-03	2.26e-03
 4.22291e+18	7.42e-01	2.58e-01	1.96e-04	0.00e+00	0.00e+00	0.00e+00	0.00e+00	0.00e+00	0.00e+00	7.37e-01	1.97e-03	2.24e-03
 4.22430e+18	7.51e-01	2.49e-01	1.79e-04	0.00e+00	0.00e+00	0.00e+00	0.00e+00	0.00e+00	0.00e+00	7.47e-01	1.94e-03	2.21e-03
 4.22572e+18	7.60e-01	2.40e-01	1.62e-04	0.00e+00	0.00e+00	0.00e+00	0.00e+00	0.00e+00	0.00e+00	7.56e-01	1.92e-03	2.18e-03
 4.22719e+18	7.69e-01	2.30e-01	1.47e-04	0.00e+00	0.00e+00	0.00e+00	0.00e+00	0.00e+00	0.00e+00	7.65e-01	1.89e-03	2.15e-03
 4.22867e+18	7.78e-01	2.22e-01	1.33e-04	0.00e+00	0.00e+00	0.00e+00	0.00e+00	0.00e+00	0.00e+00	7.74e-01	1.86e-03	2.12e-03
 4.23015e+18	7.87e-01	2.13e-01	1.20e-04	0.00e+00	0.00e+00	0.00e+00	0.00e+00	0.00e+00	0.00e+00	7.83e-01	1.84e-03	2.09e-03
 4.23168e+18	7.95e-01	2.05e-01	1.09e-04	0.00e+00	0.00e+00	0.00e+00	0.00e+00	0.00e+00	0.00e+00	7.91e-01	1.81e-03	2.06e-03
 4.23324e+18	8.03e-01	1.97e-01	9.79e-05	0.00e+00	0.00e+00	0.00e+00	0.00e+00	0.00e+00	0.00e+00	7.99e-01	1.78e-03	2.03e-03
 4.23483e+18	8.11e-01	1.89e-01	8.80e-05	0.00e+00	0.00e+00	0.00e+00	0.00e+00	0.00e+00	0.00e+00	8.07e-01	1.75e-03	1.99e-03
 4.23645e+18	8.19e-01	1.81e-01	7.92e-05	0.00e+00	0.00e+00	0.00e+00	0.00e+00	0.00e+00	0.00e+00	8.15e-01	1.73e-03	1.96e-03
 4.23810e+18	8.26e-01	1.74e-01	7.11e-05	0.00e+00	0.00e+00	0.00e+00	0.00e+00	0.00e+00	0.00e+00	8.22e-01	1.70e-03	1.93e-03
 4.23980e+18	8.33e-01	1.67e-01	6.35e-05	0.00e+00	0.00e+00	0.00e+00	0.00e+00	0.00e+00	0.00e+00	8.30e-01	1.67e-03	1.90e-03
 4.24151e+18	8.40e-01	1.60e-01	5.68e-05	0.00e+00	0.00e+00	0.00e+00	0.00e+00	0.00e+00	0.00e+00	8.37e-01	1.64e-03	1.86e-03
 4.24323e+18	8.47e-01	1.53e-01	5.08e-05	0.00e+00	0.00e+00	0.00e+00	0.00e+00	0.00e+00	0.00e+00	8.43e-01	1.62e-03	1.83e-03
 4.24501e+18	8.53e-01	1.47e-01	4.53e-05	0.00e+00	0.00e+00	0.00e+00	0.00e+00	0.00e+00	0.00e+00	8.50e-01	1.59e-03	1.80e-03
 4.24683e+18	8.59e-01	1.41e-01	4.03e-05	0.00e+00	0.00e+00	0.00e+00	0.00e+00	0.00e+00	0.00e+00	8.56e-01	1.56e-03	1.77e-03
 4.24866e+18	8.65e-01	1.35e-01	3.58e-05	0.00e+00	0.00e+00	0.00e+00	0.00e+00	0.00e+00	0.00e+00	8.62e-01	1.53e-03	1.74e-03
 4.25051e+18	8.71e-01	1.29e-01	3.18e-05	0.00e+00	0.00e+00	0.00e+00	0.00e+00	0.00e+00	0.00e+00	8.68e-01	1.51e-03	1.71e-03
 4.25237e+18	8.77e-01	1.23e-01	2.82e-05	0.00e+00	0.00e+00	0.00e+00	0.00e+00	0.00e+00	0.00e+00	8.73e-01	1.48e-03	1.68e-03
 4.25425e+18	8.82e-01	1.18e-01	2.50e-05	0.00e+00	0.00e+00	0.00e+00	0.00e+00	0.00e+00	0.00e+00	8.79e-01	1.46e-03	1.65e-03
 4.25613e+18	8.87e-01	1.13e-01	2.22e-05	0.00e+00	0.00e+00	0.00e+00	0.00e+00	0.00e+00	0.00e+00	8.84e-01	1.43e-03	1.62e-03
 4.25802e+18	8.91e-01	1.08e-01	1.97e-05	0.00e+00	0.00e+00	0.00e+00	0.00e+00	0.00e+00	0.00e+00	8.88e-01	1.41e-03	1.59e-03
 4.25990e+18	8.96e-01	1.04e-01	1.75e-05	0.00e+00	0.00e+00	0.00e+00	0.00e+00	0.00e+00	0.00e+00	8.93e-01	1.39e-03	1.56e-03
 4.26180e+18	9.00e-01	9.97e-02	1.55e-05	0.00e+00	0.00e+00	0.00e+00	0.00e+00	0.00e+00	0.00e+00	8.97e-01	1.36e-03	1.54e-03
 4.26369e+18	9.05e-01	9.54e-02	1.37e-05	0.00e+00	0.00e+00	0.00e+00	0.00e+00	0.00e+00	0.00e+00	9.02e-01	1.34e-03	1.51e-03
 4.26559e+18	9.08e-01	9.16e-02	1.22e-05	0.00e+00	0.00e+00	0.00e+00	0.00e+00	0.00e+00	0.00e+00	9.06e-01	1.32e-03	1.49e-03
 4.26748e+18	9.12e-01	8.77e-02	1.08e-05	0.00e+00	0.00e+00	0.00e+00	0.00e+00	0.00e+00	0.00e+00	9.09e-01	1.30e-03	1.47e-03
 4.26937e+18	9.16e-01	8.42e-02	9.57e-06	0.00e+00	0.00e+00	0.00e+00	0.00e+00	0.00e+00	0.00e+00	9.13e-01	1.28e-03	1.44e-03
 4.27126e+18	9.19e-01	8.07e-02	8.48e-06	0.00e+00	0.00e+00	0.00e+00	0.00e+00	0.00e+00	0.00e+00	9.17e-01	1.26e-03	1.42e-03
 4.27314e+18	9.22e-01	7.75e-02	7.53e-06	0.00e+00	0.00e+00	0.00e+00	0.00e+00	0.00e+00	0.00e+00	9.20e-01	1.25e-03	1.40e-03
 4.27500e+18	9.26e-01	7.43e-02	6.69e-06	0.00e+00	0.00e+00	0.00e+00	0.00e+00	0.00e+00	0.00e+00	9.23e-01	1.23e-03	1.38e-03
 4.27688e+18	9.29e-01	7.14e-02	5.94e-06	0.00e+00	0.00e+00	0.00e+00	0.00e+00	0.00e+00	0.00e+00	9.26e-01	1.21e-03	1.36e-03
 4.27876e+18	9.32e-01	6.84e-02	5.27e-06	0.00e+00	0.00e+00	0.00e+00	0.00e+00	0.00e+00	0.00e+00	9.29e-01	1.20e-03	1.34e-03
 4.28062e+18	9.34e-01	6.58e-02	4.68e-06	0.00e+00	0.00e+00	0.00e+00	0.00e+00	0.00e+00	0.00e+00	9.32e-01	1.18e-03	1.32e-03
 4.28247e+18	9.37e-01	6.31e-02	4.16e-06	0.00e+00	0.00e+00	0.00e+00	0.00e+00	0.00e+00	0.00e+00	9.34e-01	1.16e-03	1.31e-03
 4.28430e+18	9.39e-01	6.06e-02	3.70e-06	0.00e+00	0.00e+00	0.00e+00	0.00e+00	0.00e+00	0.00e+00	9.37e-01	1.15e-03	1.29e-03
 4.28614e+18	9.42e-01	5.82e-02	3.29e-06	0.00e+00	0.00e+00	0.00e+00	0.00e+00	0.00e+00	0.00e+00	9.39e-01	1.14e-03	1.27e-03
 4.28799e+18	9.44e-01	5.59e-02	2.93e-06	0.00e+00	0.00e+00	0.00e+00	0.00e+00	0.00e+00	0.00e+00	9.42e-01	1.12e-03	1.26e-03
 4.28983e+18	9.46e-01	5.37e-02	2.60e-06	0.00e+00	0.00e+00	0.00e+00	0.00e+00	0.00e+00	0.00e+00	9.44e-01	1.11e-03	1.24e-03
 4.29164e+18	9.48e-01	5.16e-02	2.32e-06	0.00e+00	0.00e+00	0.00e+00	0.00e+00	0.00e+00	0.00e+00	9.46e-01	1.10e-03	1.23e-03
 4.29344e+18	9.50e-01	4.96e-02	2.07e-06	0.00e+00	0.00e+00	0.00e+00	0.00e+00	0.00e+00	0.00e+00	9.48e-01	1.08e-03	1.21e-03
 4.29525e+18	9.52e-01	4.76e-02	1.84e-06	0.00e+00	0.00e+00	0.00e+00	0.00e+00	0.00e+00	0.00e+00	9.50e-01	1.07e-03	1.20e-03
 4.29706e+18	9.54e-01	4.57e-02	1.64e-06	0.00e+00	0.00e+00	0.00e+00	0.00e+00	0.00e+00	0.00e+00	9.52e-01	1.06e-03	1.18e-03
 4.29885e+18	9.56e-01	4.40e-02	1.46e-06	0.00e+00	0.00e+00	0.00e+00	0.00e+00	0.00e+00	0.00e+00	9.54e-01	1.05e-03	1.17e-03
 4.30063e+18	9.58e-01	4.22e-02	1.31e-06	0.00e+00	0.00e+00	0.00e+00	0.00e+00	0.00e+00	0.00e+00	9.56e-01	1.04e-03	1.16e-03
 4.30240e+18	9.59e-01	4.06e-02	1.17e-06	0.00e+00	0.00e+00	0.00e+00	0.00e+00	0.00e+00	0.00e+00	9.57e-01	1.03e-03	1.15e-03
 4.30416e+18	9.61e-01	3.90e-02	1.04e-06	0.00e+00	0.00e+00	0.00e+00	0.00e+00	0.00e+00	0.00e+00	9.59e-01	1.02e-03	1.14e-03
 4.30593e+18	9.62e-01	3.75e-02	9.33e-07	0.00e+00	0.00e+00	0.00e+00	0.00e+00	0.00e+00	0.00e+00	9.60e-01	1.01e-03	1.12e-03
 4.30768e+18	9.64e-01	3.60e-02	8.35e-07	0.00e+00	0.00e+00	0.00e+00	0.00e+00	0.00e+00	0.00e+00	9.62e-01	1.00e-03	1.11e-03
 4.30942e+18	9.65e-01	3.46e-02	7.48e-07	0.00e+00	0.00e+00	0.00e+00	0.00e+00	0.00e+00	0.00e+00	9.63e-01	9.92e-04	1.10e-03
 4.31115e+18	9.67e-01	3.33e-02	6.70e-07	0.00e+00	0.00e+00	0.00e+00	0.00e+00	0.00e+00	0.00e+00	9.65e-01	9.83e-04	1.09e-03
 4.31287e+18	9.68e-01	3.20e-02	6.01e-07	0.00e+00	0.00e+00	0.00e+00	0.00e+00	0.00e+00	0.00e+00	9.66e-01	9.75e-04	1.08e-03
 4.31459e+18	9.69e-01	3.08e-02	5.39e-07	0.00e+00	0.00e+00	0.00e+00	0.00e+00	0.00e+00	0.00e+00	9.67e-01	9.67e-04	1.07e-03
 4.31630e+18	9.70e-01	2.96e-02	4.84e-07	0.00e+00	0.00e+00	0.00e+00	0.00e+00	0.00e+00	0.00e+00	9.68e-01	9.58e-04	1.06e-03
 4.31798e+18	9.72e-01	2.84e-02	4.35e-07	0.00e+00	0.00e+00	0.00e+00	0.00e+00	0.00e+00	0.00e+00	9.70e-01	9.50e-04	1.05e-03
 4.31966e+18	9.73e-01	2.73e-02	3.92e-07	0.00e+00	0.00e+00	0.00e+00	0.00e+00	0.00e+00	0.00e+00	9.71e-01	9.42e-04	1.04e-03
 4.32131e+18	9.74e-01	2.63e-02	3.53e-07	0.00e+00	0.00e+00	0.00e+00	0.00e+00	0.00e+00	0.00e+00	9.72e-01	9.35e-04	1.03e-03
 4.32295e+18	9.75e-01	2.52e-02	3.18e-07	0.00e+00	0.00e+00	0.00e+00	0.00e+00	0.00e+00	0.00e+00	9.73e-01	9.27e-04	1.02e-03
 4.32458e+18	9.76e-01	2.42e-02	2.87e-07	0.00e+00	0.00e+00	0.00e+00	0.00e+00	0.00e+00	0.00e+00	9.74e-01	9.20e-04	1.01e-03
 4.32620e+18	9.77e-01	2.33e-02	2.60e-07	0.00e+00	0.00e+00	0.00e+00	0.00e+00	0.00e+00	0.00e+00	9.75e-01	9.13e-04	1.00e-03
 4.32779e+18	9.78e-01	2.23e-02	2.35e-07	0.00e+00	0.00e+00	0.00e+00	0.00e+00	0.00e+00	0.00e+00	9.76e-01	9.06e-04	9.92e-04
 4.32936e+18	9.79e-01	2.15e-02	2.13e-07	0.00e+00	0.00e+00	0.00e+00	0.00e+00	0.00e+00	0.00e+00	9.77e-01	8.99e-04	9.82e-04
 4.33091e+18	9.79e-01	2.06e-02	1.94e-07	0.00e+00	0.00e+00	0.00e+00	0.00e+00	0.00e+00	0.00e+00	9.78e-01	8.92e-04	9.73e-04
 4.33243e+18	9.80e-01	1.98e-02	1.76e-07	0.00e+00	0.00e+00	0.00e+00	0.00e+00	0.00e+00	0.00e+00	9.78e-01	8.85e-04	9.64e-04
 4.33394e+18	9.81e-01	1.90e-02	1.60e-07	0.00e+00	0.00e+00	0.00e+00	0.00e+00	0.00e+00	0.00e+00	9.79e-01	8.79e-04	9.56e-04
 4.33542e+18	9.82e-01	1.82e-02	1.46e-07	0.00e+00	0.00e+00	0.00e+00	0.00e+00	0.00e+00	0.00e+00	9.80e-01	8.72e-04	9.47e-04
 4.33688e+18	9.83e-01	1.74e-02	1.34e-07	0.00e+00	0.00e+00	0.00e+00	0.00e+00	0.00e+00	0.00e+00	9.81e-01	8.66e-04	9.38e-04
 4.33828e+18	9.83e-01	1.67e-02	1.23e-07	0.00e+00	0.00e+00	0.00e+00	0.00e+00	0.00e+00	0.00e+00	9.81e-01	8.60e-04	9.30e-04
 4.33963e+18	9.84e-01	1.61e-02	1.13e-07	0.00e+00	0.00e+00	0.00e+00	0.00e+00	0.00e+00	0.00e+00	9.82e-01	8.54e-04	9.22e-04
 4.34095e+18	9.85e-01	1.54e-02	1.04e-07	0.00e+00	0.00e+00	0.00e+00	0.00e+00	0.00e+00	0.00e+00	9.83e-01	8.48e-04	9.14e-04
