#depth	H	H+	H2
 9.05619e+13	3.06e-05	1.00e+00	1.76e-18
 5.43371e+14	3.06e-05	1.00e+00	1.77e-18
 2.35461e+15	3.07e-05	1.00e+00	1.78e-18
 9.59956e+15	3.09e-05	1.00e+00	1.81e-18
 2.29303e+16	3.12e-05	1.00e+00	1.87e-18
 4.02602e+16	3.16e-05	1.00e+00	1.94e-18
 6.27891e+16	3.21e-05	1.00e+00	2.03e-18
 9.20767e+16	3.27e-05	1.00e+00	2.14e-18
 1.30151e+17	3.33e-05	1.00e+00	2.27e-18
 1.79647e+17	3.43e-05	1.00e+00	2.46e-18
 2.43991e+17	3.54e-05	1.00e+00	2.70e-18
 3.27640e+17	3.70e-05	1.00e+00	3.03e-18
 4.36382e+17	3.90e-05	1.00e+00	3.46e-18
 5.77748e+17	4.17e-05	1.00e+00	4.03e-18
 7.51718e+17	4.49e-05	1.00e+00	4.74e-18
 9.43617e+17	4.85e-05	1.00e+00	5.58e-18
 1.14319e+18	5.24e-05	1.00e+00	6.55e-18
 1.35075e+18	5.66e-05	1.00e+00	7.68e-18
 1.56661e+18	6.11e-05	1.00e+00	9.01e-18
 1.79111e+18	6.59e-05	1.00e+00	1.06e-17
 2.00083e+18	7.05e-05	1.00e+00	1.22e-17
 2.20091e+18	7.52e-05	1.00e+00	1.39e-17
 2.42101e+18	8.06e-05	1.00e+00	1.61e-17
 2.66311e+18	8.67e-05	1.00e+00	1.88e-17
 2.92664e+18	9.37e-05	1.00e+00	2.22e-17
 3.20553e+18	1.01e-04	1.00e+00	2.63e-17
 3.49558e+18	1.10e-04	1.00e+00	3.11e-17
 3.79724e+18	1.19e-04	1.00e+00	3.69e-17
 4.11096e+18	1.29e-04	1.00e+00	4.38e-17
 4.43722e+18	1.40e-04	1.00e+00	5.21e-17
 4.77654e+18	1.53e-04	1.00e+00	6.22e-17
 5.12944e+18	1.66e-04	1.00e+00	7.43e-17
 5.49644e+18	1.82e-04	1.00e+00	8.92e-17
 5.87813e+18	1.99e-04	1.00e+00	1.07e-16
 6.27509e+18	2.18e-04	1.00e+00	1.29e-16
 6.68792e+18	2.41e-04	1.00e+00	1.57e-16
 7.11727e+18	2.66e-04	1.00e+00	1.91e-16
 7.56379e+18	2.96e-04	1.00e+00	2.33e-16
 8.02817e+18	3.32e-04	1.00e+00	2.88e-16
 8.51113e+18	3.75e-04	1.00e+00	3.58e-16
 9.01340e+18	4.27e-04	1.00e+00	4.49e-16
 9.51740e+18	4.91e-04	1.00e+00	5.63e-16
 9.98632e+18	5.62e-04	9.99e-01	6.99e-16
 1.04209e+19	6.44e-04	9.99e-01	8.61e-16
 1.07991e+19	7.30e-04	9.99e-01	1.03e-15
 1.10719e+19	8.04e-04	9.99e-01	1.18e-15
 1.12765e+19	8.68e-04	9.99e-01	1.32e-15
 1.14982e+19	9.48e-04	9.99e-01	1.50e-15
 1.17422e+19	1.05e-03	9.99e-01	1.72e-15
 1.19574e+19	1.15e-03	9.99e-01	1.95e-15
 1.21382e+19	1.25e-03	9.99e-01	2.19e-15
 1.23056e+19	1.36e-03	9.99e-01	2.44e-15
 1.24969e+19	1.51e-03	9.98e-01	2.79e-15
 1.26925e+19	1.68e-03	9.98e-01	3.22e-15
 1.28449e+19	1.84e-03	9.98e-01	3.62e-15
 1.29682e+19	1.99e-03	9.98e-01	4.01e-15
 1.31027e+19	2.18e-03	9.98e-01	4.51e-15
 1.32473e+19	2.42e-03	9.98e-01	5.14e-15
 1.33698e+19	2.66e-03	9.97e-01	5.79e-15
 1.34709e+19	2.88e-03	9.97e-01	6.43e-15
 1.35794e+19	3.17e-03	9.97e-01	7.26e-15
 1.36943e+19	3.52e-03	9.96e-01	8.29e-15
 1.37893e+19	3.86e-03	9.96e-01	9.33e-15
 1.38675e+19	4.19e-03	9.96e-01	1.04e-14
 1.39521e+19	4.61e-03	9.95e-01	1.17e-14
 1.40424e+19	5.12e-03	9.95e-01	1.34e-14
 1.41183e+19	5.64e-03	9.94e-01	1.52e-14
 1.41813e+19	6.15e-03	9.94e-01	1.69e-14
 1.42494e+19	6.78e-03	9.93e-01	1.92e-14
 1.43223e+19	7.59e-03	9.92e-01	2.22e-14
 1.43838e+19	8.42e-03	9.92e-01	2.54e-14
 1.44351e+19	9.23e-03	9.91e-01	2.87e-14
 1.44907e+19	1.03e-02	9.90e-01	3.30e-14
 1.45507e+19	1.16e-02	9.88e-01	3.89e-14
 1.46014e+19	1.31e-02	9.87e-01	4.55e-14
 1.46426e+19	1.45e-02	9.86e-01	5.22e-14
 1.46860e+19	1.62e-02	9.84e-01	6.11e-14
 1.47325e+19	1.85e-02	9.81e-01	7.35e-14
 1.47713e+19	2.10e-02	9.79e-01	8.76e-14
 1.48025e+19	2.35e-02	9.77e-01	1.02e-13
 1.48356e+19	2.65e-02	9.73e-01	1.22e-13
 1.48713e+19	3.07e-02	9.69e-01	1.52e-13
 1.49016e+19	3.54e-02	9.65e-01	1.88e-13
 1.49260e+19	4.01e-02	9.60e-01	2.27e-13
 1.49518e+19	4.61e-02	9.54e-01	2.84e-13
 1.49796e+19	5.44e-02	9.46e-01	3.72e-13
 1.50033e+19	6.40e-02	9.36e-01	4.87e-13
 1.50211e+19	7.30e-02	9.27e-01	6.11e-13
 1.50350e+19	8.13e-02	9.19e-01	7.40e-13
 1.50498e+19	9.16e-02	9.08e-01	9.18e-13
 1.50657e+19	1.05e-01	8.95e-01	1.19e-12
 1.50791e+19	1.19e-01	8.81e-01	1.51e-12
 1.50899e+19	1.32e-01	8.68e-01	1.84e-12
 1.51012e+19	1.47e-01	8.53e-01	2.29e-12
 1.51132e+19	1.66e-01	8.34e-01	2.94e-12
 1.51234e+19	1.84e-01	8.16e-01	3.66e-12
 1.51318e+19	2.01e-01	7.99e-01	4.42e-12
 1.51411e+19	2.20e-01	7.80e-01	5.43e-12
 1.51511e+19	2.44e-01	7.56e-01	6.87e-12
 1.51597e+19	2.66e-01	7.34e-01	8.38e-12
 1.51671e+19	2.86e-01	7.14e-01	9.99e-12
 1.51753e+19	3.09e-01	6.91e-01	1.21e-11
 1.51844e+19	3.36e-01	6.64e-01	1.50e-11
 1.51924e+19	3.62e-01	6.38e-01	1.82e-11
 1.51995e+19	3.85e-01	6.15e-01	2.13e-11
 1.52067e+19	4.08e-01	5.92e-01	2.51e-11
 1.52146e+19	4.36e-01	5.64e-01	3.02e-11
 1.52224e+19	4.63e-01	5.37e-01	3.61e-11
 1.52294e+19	4.88e-01	5.12e-01	4.20e-11
 1.52355e+19	5.09e-01	4.91e-01	4.80e-11
 1.52415e+19	5.30e-01	4.70e-01	5.45e-11
 1.52465e+19	5.47e-01	4.53e-01	6.03e-11
 1.52498e+19	5.57e-01	4.43e-01	6.42e-11
 1.52530e+19	5.68e-01	4.32e-01	6.84e-11
 1.52570e+19	5.81e-01	4.19e-01	7.41e-11
 1.52611e+19	5.96e-01	4.04e-01	8.08e-11
 1.52648e+19	6.08e-01	3.92e-01	8.68e-11
 1.52682e+19	6.19e-01	3.81e-01	9.27e-11
 1.52717e+19	6.31e-01	3.69e-01	9.94e-11
 1.52754e+19	6.44e-01	3.56e-01	1.07e-10
 1.52790e+19	6.56e-01	3.44e-01	1.14e-10
 1.52825e+19	6.67e-01	3.33e-01	1.22e-10
 1.52859e+19	6.78e-01	3.22e-01	1.30e-10
 1.52893e+19	6.90e-01	3.10e-01	1.39e-10
 1.52928e+19	7.00e-01	3.00e-01	1.48e-10
 1.52962e+19	7.11e-01	2.89e-01	1.57e-10
 1.52996e+19	7.22e-01	2.78e-01	1.67e-10
 1.53030e+19	7.32e-01	2.68e-01	1.78e-10
 1.53063e+19	7.42e-01	2.58e-01	1.88e-10
 1.53096e+19	7.52e-01	2.48e-01	1.99e-10
 1.53130e+19	7.61e-01	2.39e-01	2.10e-10
 1.53163e+19	7.71e-01	2.29e-01	2.22e-10
 1.53196e+19	7.79e-01	2.21e-01	2.34e-10
 1.53229e+19	7.88e-01	2.12e-01	2.47e-10
 1.53262e+19	7.97e-01	2.03e-01	2.60e-10
 1.53294e+19	8.05e-01	1.95e-01	2.74e-10
 1.53327e+19	8.13e-01	1.87e-01	2.87e-10
 1.53359e+19	8.20e-01	1.80e-01	3.02e-10
 1.53391e+19	8.28e-01	1.72e-01	3.16e-10
 1.53423e+19	8.35e-01	1.65e-01	3.31e-10
 1.53454e+19	8.42e-01	1.58e-01	3.45e-10
 1.53485e+19	8.48e-01	1.52e-01	3.61e-10
 1.53516e+19	8.54e-01	1.46e-01	3.76e-10
 1.53546e+19	8.61e-01	1.39e-01	3.92e-10
 1.53576e+19	8.66e-01	1.34e-01	4.07e-10
 1.53605e+19	8.72e-01	1.28e-01	4.24e-10
 1.53634e+19	8.77e-01	1.23e-01	4.39e-10
 1.53663e+19	8.82e-01	1.18e-01	4.56e-10
 1.53691e+19	8.86e-01	1.14e-01	4.71e-10
 1.53719e+19	8.91e-01	1.09e-01	4.88e-10
 1.53747e+19	8.95e-01	1.05e-01	5.03e-10
 1.53775e+19	9.00e-01	1.00e-01	5.21e-10
 1.53802e+19	9.04e-01	9.64e-02	5.37e-10
 1.53829e+19	9.07e-01	9.27e-02	5.54e-10
 1.53856e+19	9.11e-01	8.91e-02	5.70e-10
 1.53882e+19	9.14e-01	8.56e-02	5.88e-10
 1.53908e+19	9.18e-01	8.22e-02	6.05e-10
 1.53935e+19	9.21e-01	7.90e-02	6.22e-10
 1.53960e+19	9.24e-01	7.59e-02	6.38e-10
 1.53986e+19	9.27e-01	7.30e-02	6.57e-10
 1.54011e+19	9.30e-01	7.03e-02	6.72e-10
 1.54037e+19	9.33e-01	6.74e-02	6.92e-10
 1.54062e+19	9.35e-01	6.49e-02	7.08e-10
 1.54086e+19	9.38e-01	6.24e-02	7.26e-10
 1.54111e+19	9.40e-01	6.01e-02	7.43e-10
 1.54135e+19	9.42e-01	5.78e-02	7.62e-10
 1.54160e+19	9.44e-01	5.56e-02	7.78e-10
 1.54184e+19	9.47e-01	5.34e-02	7.98e-10
 1.54208e+19	9.49e-01	5.15e-02	8.15e-10
 1.54232e+19	9.50e-01	4.95e-02	8.34e-10
 1.54256e+19	9.52e-01	4.77e-02	8.50e-10
 1.54280e+19	9.54e-01	4.58e-02	8.71e-10
 1.54304e+19	9.56e-01	4.41e-02	8.87e-10
 1.54328e+19	9.58e-01	4.25e-02	9.08e-10
 1.54351e+19	9.59e-01	4.09e-02	9.26e-10
 1.54374e+19	9.61e-01	3.94e-02	9.45e-10
 1.54398e+19	9.62e-01	3.79e-02	9.62e-10
 1.54421e+19	9.63e-01	3.65e-02	9.84e-10
 1.54444e+19	9.65e-01	3.52e-02	1.00e-09
 1.54467e+19	9.66e-01	3.39e-02	1.02e-09
 1.54490e+19	9.67e-01	3.26e-02	1.04e-09
 1.54513e+19	9.69e-01	3.14e-02	1.06e-09
 1.54536e+19	9.70e-01	3.03e-02	1.08e-09
 1.54559e+19	9.71e-01	2.91e-02	1.11e-09
 1.54581e+19	9.72e-01	2.81e-02	1.13e-09
 1.54604e+19	9.73e-01	2.71e-02	1.15e-09
 1.54627e+19	9.74e-01	2.61e-02	1.17e-09
 1.54650e+19	9.75e-01	2.51e-02	1.19e-09
 1.54672e+19	9.76e-01	2.42e-02	1.22e-09
 1.54694e+19	9.77e-01	2.33e-02	1.24e-09
 1.54717e+19	9.78e-01	2.25e-02	1.27e-09
 1.54739e+19	9.78e-01	2.16e-02	1.29e-09
 1.54762e+19	9.79e-01	2.08e-02	1.32e-09
 1.54784e+19	9.80e-01	2.01e-02	1.35e-09
 1.54806e+19	9.81e-01	1.93e-02	1.38e-09
