#depth	O	O+	O+2	O+3	O+4	O+5	O+6	O+7	O+8	O[1]	O[2]	O[3]
 4.57164e+13	5.25e-05	2.23e-01	7.77e-01	1.30e-04	0.00e+00	0.00e+00	0.00e+00	0.00e+00	0.00e+00	5.17e-05	3.97e-07	4.45e-07
 2.74298e+14	5.26e-05	2.23e-01	7.77e-01	1.29e-04	0.00e+00	0.00e+00	0.00e+00	0.00e+00	0.00e+00	5.17e-05	3.98e-07	4.46e-07
 1.18863e+15	5.29e-05	2.24e-01	7.76e-01	1.27e-04	0.00e+00	0.00e+00	0.00e+00	0.00e+00	0.00e+00	5.21e-05	4.01e-07	4.51e-07
 4.84594e+15	5.45e-05	2.26e-01	7.74e-01	1.17e-04	0.00e+00	0.00e+00	0.00e+00	0.00e+00	0.00e+00	5.36e-05	4.15e-07	4.67e-07
 1.15754e+16	5.73e-05	2.30e-01	7.69e-01	1.04e-04	0.00e+00	0.00e+00	0.00e+00	0.00e+00	0.00e+00	5.64e-05	4.34e-07	4.89e-07
 2.03237e+16	6.12e-05	2.36e-01	7.63e-01	8.85e-05	0.00e+00	0.00e+00	0.00e+00	0.00e+00	0.00e+00	6.02e-05	4.58e-07	5.16e-07
 3.16965e+16	6.66e-05	2.44e-01	7.55e-01	7.18e-05	0.00e+00	0.00e+00	0.00e+00	0.00e+00	0.00e+00	6.56e-05	4.92e-07	5.55e-07
 4.64811e+16	7.43e-05	2.55e-01	7.45e-01	5.46e-05	0.00e+00	0.00e+00	0.00e+00	0.00e+00	0.00e+00	7.32e-05	5.42e-07	6.11e-07
 6.57011e+16	8.54e-05	2.70e-01	7.30e-01	3.81e-05	0.00e+00	0.00e+00	0.00e+00	0.00e+00	0.00e+00	8.41e-05	6.14e-07	6.92e-07
 8.88861e+16	1.00e-04	2.87e-01	7.13e-01	2.47e-05	0.00e+00	0.00e+00	0.00e+00	0.00e+00	0.00e+00	9.88e-05	7.10e-07	7.99e-07
 1.14022e+17	1.18e-04	3.06e-01	6.94e-01	1.55e-05	0.00e+00	0.00e+00	0.00e+00	0.00e+00	0.00e+00	1.17e-04	8.26e-07	9.29e-07
 1.40163e+17	1.40e-04	3.26e-01	6.73e-01	9.53e-06	0.00e+00	0.00e+00	0.00e+00	0.00e+00	0.00e+00	1.38e-04	9.62e-07	1.08e-06
 1.67350e+17	1.65e-04	3.48e-01	6.52e-01	5.76e-06	0.00e+00	0.00e+00	0.00e+00	0.00e+00	0.00e+00	1.63e-04	1.12e-06	1.26e-06
 1.95625e+17	1.95e-04	3.70e-01	6.30e-01	3.42e-06	0.00e+00	0.00e+00	0.00e+00	0.00e+00	0.00e+00	1.92e-04	1.31e-06	1.46e-06
 2.25030e+17	2.29e-04	3.93e-01	6.07e-01	2.00e-06	0.00e+00	0.00e+00	0.00e+00	0.00e+00	0.00e+00	2.26e-04	1.52e-06	1.70e-06
 2.55612e+17	2.70e-04	4.17e-01	5.83e-01	1.15e-06	0.00e+00	0.00e+00	0.00e+00	0.00e+00	0.00e+00	2.66e-04	1.77e-06	1.98e-06
 2.87417e+17	3.17e-04	4.41e-01	5.58e-01	6.52e-07	0.00e+00	0.00e+00	0.00e+00	0.00e+00	0.00e+00	3.12e-04	2.06e-06	2.30e-06
 3.20494e+17	3.72e-04	4.67e-01	5.33e-01	3.63e-07	0.00e+00	0.00e+00	0.00e+00	0.00e+00	0.00e+00	3.67e-04	2.40e-06	2.68e-06
 3.54894e+17	4.36e-04	4.93e-01	5.06e-01	1.99e-07	0.00e+00	0.00e+00	0.00e+00	0.00e+00	0.00e+00	4.30e-04	2.79e-06	3.11e-06
 3.90670e+17	5.11e-04	5.20e-01	4.79e-01	0.00e+00	0.00e+00	0.00e+00	0.00e+00	0.00e+00	0.00e+00	5.04e-04	3.25e-06	3.62e-06
 4.27877e+17	5.98e-04	5.48e-01	4.51e-01	0.00e+00	0.00e+00	0.00e+00	0.00e+00	0.00e+00	0.00e+00	5.90e-04	3.77e-06	4.20e-06
 4.66573e+17	7.01e-04	5.77e-01	4.23e-01	0.00e+00	0.00e+00	0.00e+00	0.00e+00	0.00e+00	0.00e+00	6.91e-04	4.39e-06	4.88e-06
 5.06816e+17	8.19e-04	6.05e-01	3.94e-01	0.00e+00	0.00e+00	0.00e+00	0.00e+00	0.00e+00	0.00e+00	8.08e-04	5.10e-06	5.67e-06
 5.46454e+17	9.50e-04	6.33e-01	3.66e-01	0.00e+00	0.00e+00	0.00e+00	0.00e+00	0.00e+00	0.00e+00	9.38e-04	5.88e-06	6.53e-06
 5.83667e+17	1.09e-03	6.58e-01	3.41e-01	0.00e+00	0.00e+00	0.00e+00	0.00e+00	0.00e+00	0.00e+00	1.07e-03	6.69e-06	7.43e-06
 6.24583e+17	1.26e-03	6.86e-01	3.13e-01	0.00e+00	0.00e+00	0.00e+00	0.00e+00	0.00e+00	0.00e+00	1.24e-03	7.71e-06	8.56e-06
 6.68802e+17	1.46e-03	7.14e-01	2.85e-01	0.00e+00	0.00e+00	0.00e+00	0.00e+00	0.00e+00	0.00e+00	1.44e-03	8.91e-06	9.89e-06
 7.09009e+17	1.67e-03	7.38e-01	2.60e-01	0.00e+00	0.00e+00	0.00e+00	0.00e+00	0.00e+00	0.00e+00	1.65e-03	1.01e-05	1.13e-05
 7.46020e+17	1.88e-03	7.60e-01	2.38e-01	0.00e+00	0.00e+00	0.00e+00	0.00e+00	0.00e+00	0.00e+00	1.86e-03	1.14e-05	1.27e-05
 7.87873e+17	2.16e-03	7.84e-01	2.13e-01	0.00e+00	0.00e+00	0.00e+00	0.00e+00	0.00e+00	0.00e+00	2.14e-03	1.31e-05	1.45e-05
 8.33186e+17	2.50e-03	8.09e-01	1.89e-01	0.00e+00	0.00e+00	0.00e+00	0.00e+00	0.00e+00	0.00e+00	2.47e-03	1.51e-05	1.67e-05
 8.72994e+17	2.84e-03	8.30e-01	1.68e-01	0.00e+00	0.00e+00	0.00e+00	0.00e+00	0.00e+00	0.00e+00	2.81e-03	1.71e-05	1.90e-05
 9.08409e+17	3.19e-03	8.47e-01	1.50e-01	0.00e+00	0.00e+00	0.00e+00	0.00e+00	0.00e+00	0.00e+00	3.15e-03	1.91e-05	2.13e-05
 9.48118e+17	3.64e-03	8.66e-01	1.31e-01	0.00e+00	0.00e+00	0.00e+00	0.00e+00	0.00e+00	0.00e+00	3.59e-03	2.18e-05	2.43e-05
 9.90964e+17	4.20e-03	8.84e-01	1.12e-01	0.00e+00	0.00e+00	0.00e+00	0.00e+00	0.00e+00	0.00e+00	4.14e-03	2.51e-05	2.80e-05
 1.02815e+18	4.76e-03	8.99e-01	9.58e-02	0.00e+00	0.00e+00	0.00e+00	0.00e+00	0.00e+00	0.00e+00	4.70e-03	2.85e-05	3.18e-05
 1.06051e+18	5.34e-03	9.12e-01	8.28e-02	0.00e+00	0.00e+00	0.00e+00	0.00e+00	0.00e+00	0.00e+00	5.27e-03	3.20e-05	3.57e-05
 1.09631e+18	6.09e-03	9.24e-01	6.94e-02	0.00e+00	0.00e+00	0.00e+00	0.00e+00	0.00e+00	0.00e+00	6.01e-03	3.65e-05	4.08e-05
 1.13475e+18	7.04e-03	9.37e-01	5.62e-02	0.00e+00	0.00e+00	0.00e+00	0.00e+00	0.00e+00	0.00e+00	6.96e-03	4.22e-05	4.73e-05
 1.16768e+18	8.04e-03	9.46e-01	4.56e-02	0.00e+00	0.00e+00	0.00e+00	0.00e+00	0.00e+00	0.00e+00	7.93e-03	4.83e-05	5.42e-05
 1.19582e+18	9.05e-03	9.54e-01	3.72e-02	0.00e+00	0.00e+00	0.00e+00	0.00e+00	0.00e+00	0.00e+00	8.94e-03	5.44e-05	6.12e-05
 1.22034e+18	1.01e-02	9.59e-01	3.05e-02	0.00e+00	0.00e+00	0.00e+00	0.00e+00	0.00e+00	0.00e+00	9.96e-03	6.08e-05	6.84e-05
 1.24188e+18	1.12e-02	9.64e-01	2.51e-02	0.00e+00	0.00e+00	0.00e+00	0.00e+00	0.00e+00	0.00e+00	1.10e-02	6.73e-05	7.59e-05
 1.26093e+18	1.22e-02	9.67e-01	2.06e-02	0.00e+00	0.00e+00	0.00e+00	0.00e+00	0.00e+00	0.00e+00	1.21e-02	7.38e-05	8.34e-05
 1.27678e+18	1.32e-02	9.70e-01	1.71e-02	0.00e+00	0.00e+00	0.00e+00	0.00e+00	0.00e+00	0.00e+00	1.31e-02	8.01e-05	9.06e-05
 1.29055e+18	1.42e-02	9.71e-01	1.43e-02	0.00e+00	0.00e+00	0.00e+00	0.00e+00	0.00e+00	0.00e+00	1.41e-02	8.62e-05	9.76e-05
 1.30334e+18	1.53e-02	9.73e-01	1.19e-02	0.00e+00	0.00e+00	0.00e+00	0.00e+00	0.00e+00	0.00e+00	1.51e-02	9.24e-05	1.05e-04
 1.31542e+18	1.63e-02	9.74e-01	9.77e-03	0.00e+00	0.00e+00	0.00e+00	0.00e+00	0.00e+00	0.00e+00	1.61e-02	9.89e-05	1.12e-04
 1.32656e+18	1.74e-02	9.75e-01	7.98e-03	0.00e+00	0.00e+00	0.00e+00	0.00e+00	0.00e+00	0.00e+00	1.72e-02	1.06e-04	1.20e-04
 1.33671e+18	1.85e-02	9.75e-01	6.48e-03	0.00e+00	0.00e+00	0.00e+00	0.00e+00	0.00e+00	0.00e+00	1.82e-02	1.12e-04	1.28e-04
 1.34611e+18	1.95e-02	9.75e-01	5.23e-03	0.00e+00	0.00e+00	0.00e+00	0.00e+00	0.00e+00	0.00e+00	1.93e-02	1.19e-04	1.35e-04
 1.35510e+18	2.07e-02	9.75e-01	4.17e-03	0.00e+00	0.00e+00	0.00e+00	0.00e+00	0.00e+00	0.00e+00	2.04e-02	1.26e-04	1.43e-04
 1.36393e+18	2.18e-02	9.75e-01	3.26e-03	0.00e+00	0.00e+00	0.00e+00	0.00e+00	0.00e+00	0.00e+00	2.16e-02	1.33e-04	1.52e-04
 1.37406e+18	2.33e-02	9.74e-01	2.40e-03	0.00e+00	0.00e+00	0.00e+00	0.00e+00	0.00e+00	0.00e+00	2.30e-02	1.42e-04	1.62e-04
 1.38516e+18	2.52e-02	9.73e-01	1.66e-03	0.00e+00	0.00e+00	0.00e+00	0.00e+00	0.00e+00	0.00e+00	2.48e-02	1.53e-04	1.75e-04
 1.39576e+18	2.72e-02	9.72e-01	1.13e-03	0.00e+00	0.00e+00	0.00e+00	0.00e+00	0.00e+00	0.00e+00	2.68e-02	1.65e-04	1.89e-04
 1.40774e+18	2.98e-02	9.70e-01	7.18e-04	0.00e+00	0.00e+00	0.00e+00	0.00e+00	0.00e+00	0.00e+00	2.94e-02	1.81e-04	2.07e-04
 1.42332e+18	3.39e-02	9.66e-01	3.92e-04	0.00e+00	0.00e+00	0.00e+00	0.00e+00	0.00e+00	0.00e+00	3.34e-02	2.06e-04	2.36e-04
 1.44357e+18	4.08e-02	9.59e-01	1.74e-04	0.00e+00	0.00e+00	0.00e+00	0.00e+00	0.00e+00	0.00e+00	4.03e-02	2.48e-04	2.86e-04
 1.46617e+18	5.20e-02	9.48e-01	6.77e-05	0.00e+00	0.00e+00	0.00e+00	0.00e+00	0.00e+00	0.00e+00	5.13e-02	3.15e-04	3.62e-04
 1.48552e+18	6.69e-02	9.33e-01	2.90e-05	0.00e+00	0.00e+00	0.00e+00	0.00e+00	0.00e+00	0.00e+00	6.60e-02	4.03e-04	4.63e-04
 1.49796e+18	8.12e-02	9.19e-01	1.65e-05	0.00e+00	0.00e+00	0.00e+00	0.00e+00	0.00e+00	0.00e+00	8.02e-02	4.86e-04	5.58e-04
 1.50519e+18	9.18e-02	9.08e-01	1.17e-05	0.00e+00	0.00e+00	0.00e+00	0.00e+00	0.00e+00	0.00e+00	9.06e-02	5.46e-04	6.26e-04
 1.51200e+18	1.04e-01	8.96e-01	8.31e-06	0.00e+00	0.00e+00	0.00e+00	0.00e+00	0.00e+00	0.00e+00	1.02e-01	6.12e-04	7.02e-04
 1.52087e+18	1.23e-01	8.77e-01	5.22e-06	0.00e+00	0.00e+00	0.00e+00	0.00e+00	0.00e+00	0.00e+00	1.21e-01	7.16e-04	8.22e-04
 1.52984e+18	1.49e-01	8.51e-01	3.19e-06	0.00e+00	0.00e+00	0.00e+00	0.00e+00	0.00e+00	0.00e+00	1.47e-01	8.52e-04	9.78e-04
 1.53654e+18	1.75e-01	8.25e-01	2.16e-06	0.00e+00	0.00e+00	0.00e+00	0.00e+00	0.00e+00	0.00e+00	1.73e-01	9.79e-04	1.12e-03
 1.54156e+18	1.99e-01	8.01e-01	1.57e-06	0.00e+00	0.00e+00	0.00e+00	0.00e+00	0.00e+00	0.00e+00	1.97e-01	1.09e-03	1.25e-03
 1.54684e+18	2.30e-01	7.70e-01	1.10e-06	0.00e+00	0.00e+00	0.00e+00	0.00e+00	0.00e+00	0.00e+00	2.27e-01	1.23e-03	1.41e-03
 1.55263e+18	2.71e-01	7.29e-01	7.29e-07	0.00e+00	0.00e+00	0.00e+00	0.00e+00	0.00e+00	0.00e+00	2.68e-01	1.39e-03	1.60e-03
 1.55779e+18	3.18e-01	6.82e-01	4.90e-07	0.00e+00	0.00e+00	0.00e+00	0.00e+00	0.00e+00	0.00e+00	3.14e-01	1.55e-03	1.79e-03
 1.56179e+18	3.61e-01	6.39e-01	3.52e-07	0.00e+00	0.00e+00	0.00e+00	0.00e+00	0.00e+00	0.00e+00	3.58e-01	1.68e-03	1.94e-03
 1.56456e+18	3.95e-01	6.05e-01	2.76e-07	0.00e+00	0.00e+00	0.00e+00	0.00e+00	0.00e+00	0.00e+00	3.91e-01	1.77e-03	2.03e-03
 1.56664e+18	4.23e-01	5.77e-01	2.28e-07	0.00e+00	0.00e+00	0.00e+00	0.00e+00	0.00e+00	0.00e+00	4.19e-01	1.83e-03	2.10e-03
 1.56852e+18	4.49e-01	5.51e-01	1.91e-07	0.00e+00	0.00e+00	0.00e+00	0.00e+00	0.00e+00	0.00e+00	4.45e-01	1.87e-03	2.16e-03
 1.57034e+18	4.75e-01	5.25e-01	1.60e-07	0.00e+00	0.00e+00	0.00e+00	0.00e+00	0.00e+00	0.00e+00	4.71e-01	1.91e-03	2.21e-03
 1.57203e+18	5.01e-01	4.99e-01	1.35e-07	0.00e+00	0.00e+00	0.00e+00	0.00e+00	0.00e+00	0.00e+00	4.97e-01	1.94e-03	2.24e-03
 1.57358e+18	5.25e-01	4.75e-01	1.16e-07	0.00e+00	0.00e+00	0.00e+00	0.00e+00	0.00e+00	0.00e+00	5.21e-01	1.96e-03	2.26e-03
 1.57497e+18	5.47e-01	4.53e-01	1.00e-07	0.00e+00	0.00e+00	0.00e+00	0.00e+00	0.00e+00	0.00e+00	5.43e-01	1.98e-03	2.28e-03
 1.57623e+18	5.67e-01	4.33e-01	8.81e-08	0.00e+00	0.00e+00	0.00e+00	0.00e+00	0.00e+00	0.00e+00	5.63e-01	1.98e-03	2.28e-03
 1.57738e+18	5.86e-01	4.14e-01	7.78e-08	0.00e+00	0.00e+00	0.00e+00	0.00e+00	0.00e+00	0.00e+00	5.82e-01	1.98e-03	2.28e-03
 1.57830e+18	6.01e-01	3.99e-01	7.07e-08	0.00e+00	0.00e+00	0.00e+00	0.00e+00	0.00e+00	0.00e+00	5.97e-01	1.97e-03	2.27e-03
 1.57899e+18	6.12e-01	3.88e-01	6.56e-08	0.00e+00	0.00e+00	0.00e+00	0.00e+00	0.00e+00	0.00e+00	6.08e-01	1.97e-03	2.26e-03
 1.57965e+18	6.23e-01	3.77e-01	6.10e-08	0.00e+00	0.00e+00	0.00e+00	0.00e+00	0.00e+00	0.00e+00	6.19e-01	1.96e-03	2.25e-03
 1.58039e+18	6.35e-01	3.65e-01	5.62e-08	0.00e+00	0.00e+00	0.00e+00	0.00e+00	0.00e+00	0.00e+00	6.31e-01	1.95e-03	2.23e-03
 1.58117e+18	6.48e-01	3.52e-01	5.14e-08	0.00e+00	0.00e+00	0.00e+00	0.00e+00	0.00e+00	0.00e+00	6.44e-01	1.94e-03	2.21e-03
 1.58191e+18	6.60e-01	3.40e-01	4.74e-08	0.00e+00	0.00e+00	0.00e+00	0.00e+00	0.00e+00	0.00e+00	6.56e-01	1.92e-03	2.19e-03
 1.58261e+18	6.71e-01	3.29e-01	4.38e-08	0.00e+00	0.00e+00	0.00e+00	0.00e+00	0.00e+00	0.00e+00	6.67e-01	1.91e-03	2.17e-03
 1.58332e+18	6.82e-01	3.18e-01	4.04e-08	0.00e+00	0.00e+00	0.00e+00	0.00e+00	0.00e+00	0.00e+00	6.78e-01	1.89e-03	2.14e-03
 1.58404e+18	6.94e-01	3.06e-01	3.71e-08	0.00e+00	0.00e+00	0.00e+00	0.00e+00	0.00e+00	0.00e+00	6.90e-01	1.87e-03	2.12e-03
 1.58474e+18	7.05e-01	2.95e-01	3.43e-08	0.00e+00	0.00e+00	0.00e+00	0.00e+00	0.00e+00	0.00e+00	7.01e-01	1.85e-03	2.09e-03
 1.58543e+18	7.15e-01	2.85e-01	3.17e-08	0.00e+00	0.00e+00	0.00e+00	0.00e+00	0.00e+00	0.00e+00	7.11e-01	1.83e-03	2.06e-03
 1.58612e+18	7.26e-01	2.74e-01	2.92e-08	0.00e+00	0.00e+00	0.00e+00	0.00e+00	0.00e+00	0.00e+00	7.22e-01	1.81e-03	2.03e-03
 1.58681e+18	7.36e-01	2.64e-01	2.70e-08	0.00e+00	0.00e+00	0.00e+00	0.00e+00	0.00e+00	0.00e+00	7.32e-01	1.78e-03	2.00e-03
 1.58750e+18	7.46e-01	2.54e-01	2.49e-08	0.00e+00	0.00e+00	0.00e+00	0.00e+00	0.00e+00	0.00e+00	7.42e-01	1.76e-03	1.96e-03
 1.58817e+18	7.55e-01	2.45e-01	2.30e-08	0.00e+00	0.00e+00	0.00e+00	0.00e+00	0.00e+00	0.00e+00	7.52e-01	1.73e-03	1.93e-03
 1.58884e+18	7.65e-01	2.35e-01	2.13e-08	0.00e+00	0.00e+00	0.00e+00	0.00e+00	0.00e+00	0.00e+00	7.61e-01	1.71e-03	1.90e-03
 1.58952e+18	7.75e-01	2.25e-01	1.96e-08	0.00e+00	0.00e+00	0.00e+00	0.00e+00	0.00e+00	0.00e+00	7.71e-01	1.68e-03	1.86e-03
 1.59018e+18	7.83e-01	2.17e-01	1.82e-08	0.00e+00	0.00e+00	0.00e+00	0.00e+00	0.00e+00	0.00e+00	7.80e-01	1.65e-03	1.83e-03
 1.59083e+18	7.92e-01	2.08e-01	1.68e-08	0.00e+00	0.00e+00	0.00e+00	0.00e+00	0.00e+00	0.00e+00	7.89e-01	1.63e-03	1.79e-03
 1.59149e+18	8.00e-01	2.00e-01	1.55e-08	0.00e+00	0.00e+00	0.00e+00	0.00e+00	0.00e+00	0.00e+00	7.97e-01	1.60e-03	1.76e-03
 1.59215e+18	8.09e-01	1.91e-01	1.44e-08	0.00e+00	0.00e+00	0.00e+00	0.00e+00	0.00e+00	0.00e+00	8.05e-01	1.57e-03	1.72e-03
 1.59280e+18	8.17e-01	1.83e-01	1.33e-08	0.00e+00	0.00e+00	0.00e+00	0.00e+00	0.00e+00	0.00e+00	8.13e-01	1.54e-03	1.69e-03
 1.59343e+18	8.24e-01	1.76e-01	1.23e-08	0.00e+00	0.00e+00	0.00e+00	0.00e+00	0.00e+00	0.00e+00	8.21e-01	1.52e-03	1.65e-03
 1.59406e+18	8.31e-01	1.69e-01	1.14e-08	0.00e+00	0.00e+00	0.00e+00	0.00e+00	0.00e+00	0.00e+00	8.28e-01	1.49e-03	1.62e-03
 1.59467e+18	8.38e-01	1.62e-01	1.06e-08	0.00e+00	0.00e+00	0.00e+00	0.00e+00	0.00e+00	0.00e+00	8.35e-01	1.46e-03	1.59e-03
 1.59529e+18	8.45e-01	1.55e-01	9.88e-09	0.00e+00	0.00e+00	0.00e+00	0.00e+00	0.00e+00	0.00e+00	8.42e-01	1.44e-03	1.56e-03
 1.59589e+18	8.51e-01	1.49e-01	9.19e-09	0.00e+00	0.00e+00	0.00e+00	0.00e+00	0.00e+00	0.00e+00	8.48e-01	1.41e-03	1.53e-03
 1.59648e+18	8.57e-01	1.43e-01	8.57e-09	0.00e+00	0.00e+00	0.00e+00	0.00e+00	0.00e+00	0.00e+00	8.54e-01	1.39e-03	1.49e-03
 1.59706e+18	8.63e-01	1.37e-01	7.99e-09	0.00e+00	0.00e+00	0.00e+00	0.00e+00	0.00e+00	0.00e+00	8.60e-01	1.36e-03	1.47e-03
 1.59764e+18	8.68e-01	1.32e-01	7.46e-09	0.00e+00	0.00e+00	0.00e+00	0.00e+00	0.00e+00	0.00e+00	8.66e-01	1.34e-03	1.44e-03
 1.59821e+18	8.74e-01	1.26e-01	6.97e-09	0.00e+00	0.00e+00	0.00e+00	0.00e+00	0.00e+00	0.00e+00	8.71e-01	1.32e-03	1.41e-03
 1.59876e+18	8.79e-01	1.21e-01	6.52e-09	0.00e+00	0.00e+00	0.00e+00	0.00e+00	0.00e+00	0.00e+00	8.76e-01	1.30e-03	1.38e-03
 1.59931e+18	8.83e-01	1.17e-01	6.12e-09	0.00e+00	0.00e+00	0.00e+00	0.00e+00	0.00e+00	0.00e+00	8.81e-01	1.28e-03	1.36e-03
 1.59984e+18	8.88e-01	1.12e-01	5.74e-09	0.00e+00	0.00e+00	0.00e+00	0.00e+00	0.00e+00	0.00e+00	8.85e-01	1.26e-03	1.33e-03
 1.60036e+18	8.92e-01	1.08e-01	5.39e-09	0.00e+00	0.00e+00	0.00e+00	0.00e+00	0.00e+00	0.00e+00	8.90e-01	1.24e-03	1.31e-03
 1.60088e+18	8.96e-01	1.04e-01	5.07e-09	0.00e+00	0.00e+00	0.00e+00	0.00e+00	0.00e+00	0.00e+00	8.94e-01	1.22e-03	1.29e-03
 1.60138e+18	9.00e-01	9.96e-02	4.77e-09	0.00e+00	0.00e+00	0.00e+00	0.00e+00	0.00e+00	0.00e+00	8.98e-01	1.20e-03	1.26e-03
 1.60188e+18	9.04e-01	9.58e-02	4.50e-09	0.00e+00	0.00e+00	0.00e+00	0.00e+00	0.00e+00	0.00e+00	9.02e-01	1.18e-03	1.24e-03
 1.60237e+18	9.08e-01	9.22e-02	4.24e-09	0.00e+00	0.00e+00	0.00e+00	0.00e+00	0.00e+00	0.00e+00	9.05e-01	1.16e-03	1.22e-03
 1.60286e+18	9.11e-01	8.87e-02	4.00e-09	0.00e+00	0.00e+00	0.00e+00	0.00e+00	0.00e+00	0.00e+00	9.09e-01	1.15e-03	1.20e-03
 1.60334e+18	9.15e-01	8.54e-02	3.78e-09	0.00e+00	0.00e+00	0.00e+00	0.00e+00	0.00e+00	0.00e+00	9.12e-01	1.13e-03	1.18e-03
 1.60382e+18	9.18e-01	8.21e-02	3.57e-09	0.00e+00	0.00e+00	0.00e+00	0.00e+00	0.00e+00	0.00e+00	9.16e-01	1.11e-03	1.16e-03
 1.60431e+18	9.21e-01	7.89e-02	3.37e-09	0.00e+00	0.00e+00	0.00e+00	0.00e+00	0.00e+00	0.00e+00	9.19e-01	1.10e-03	1.14e-03
 1.60479e+18	9.24e-01	7.58e-02	3.18e-09	0.00e+00	0.00e+00	0.00e+00	0.00e+00	0.00e+00	0.00e+00	9.22e-01	1.08e-03	1.12e-03
 1.60528e+18	9.27e-01	7.28e-02	3.00e-09	0.00e+00	0.00e+00	0.00e+00	0.00e+00	0.00e+00	0.00e+00	9.25e-01	1.07e-03	1.11e-03
 1.60577e+18	9.30e-01	6.98e-02	2.83e-09	0.00e+00	0.00e+00	0.00e+00	0.00e+00	0.00e+00	0.00e+00	9.28e-01	1.05e-03	1.09e-03
 1.60625e+18	9.33e-01	6.69e-02	2.67e-09	0.00e+00	0.00e+00	0.00e+00	0.00e+00	0.00e+00	0.00e+00	9.31e-01	1.03e-03	1.07e-03
 1.60673e+18	9.36e-01	6.41e-02	2.53e-09	0.00e+00	0.00e+00	0.00e+00	0.00e+00	0.00e+00	0.00e+00	9.34e-01	1.02e-03	1.05e-03
 1.60720e+18	9.38e-01	6.15e-02	2.39e-09	0.00e+00	0.00e+00	0.00e+00	0.00e+00	0.00e+00	0.00e+00	9.36e-01	1.01e-03	1.04e-03
 1.60766e+18	9.41e-01	5.90e-02	2.26e-09	0.00e+00	0.00e+00	0.00e+00	0.00e+00	0.00e+00	0.00e+00	9.39e-01	9.91e-04	1.02e-03
 1.60811e+18	9.43e-01	5.66e-02	2.14e-09	0.00e+00	0.00e+00	0.00e+00	0.00e+00	0.00e+00	0.00e+00	9.41e-01	9.78e-04	1.01e-03
 1.60856e+18	9.46e-01	5.42e-02	2.03e-09	0.00e+00	0.00e+00	0.00e+00	0.00e+00	0.00e+00	0.00e+00	9.44e-01	9.65e-04	9.91e-04
 1.60900e+18	9.48e-01	5.20e-02	1.93e-09	0.00e+00	0.00e+00	0.00e+00	0.00e+00	0.00e+00	0.00e+00	9.46e-01	9.52e-04	9.76e-04
 1.60943e+18	9.50e-01	4.98e-02	1.83e-09	0.00e+00	0.00e+00	0.00e+00	0.00e+00	0.00e+00	0.00e+00	9.48e-01	9.39e-04	9.62e-04
 1.60984e+18	9.52e-01	4.78e-02	1.74e-09	0.00e+00	0.00e+00	0.00e+00	0.00e+00	0.00e+00	0.00e+00	9.50e-01	9.27e-04	9.48e-04
 1.61022e+18	9.54e-01	4.59e-02	1.66e-09	0.00e+00	0.00e+00	0.00e+00	0.00e+00	0.00e+00	0.00e+00	9.52e-01	9.16e-04	9.35e-04
 1.61057e+18	9.56e-01	4.43e-02	1.59e-09	0.00e+00	0.00e+00	0.00e+00	0.00e+00	0.00e+00	0.00e+00	9.54e-01	9.06e-04	9.24e-04
 1.61089e+18	9.57e-01	4.27e-02	1.53e-09	0.00e+00	0.00e+00	0.00e+00	0.00e+00	0.00e+00	0.00e+00	9.55e-01	8.96e-04	9.13e-04
 1.61119e+18	9.59e-01	4.13e-02	1.47e-09	0.00e+00	0.00e+00	0.00e+00	0.00e+00	0.00e+00	0.00e+00	9.57e-01	8.87e-04	9.03e-04
 1.61148e+18	9.60e-01	3.99e-02	1.42e-09	0.00e+00	0.00e+00	0.00e+00	0.00e+00	0.00e+00	0.00e+00	9.58e-01	8.79e-04	8.93e-04
 1.61175e+18	9.61e-01	3.87e-02	1.37e-09	0.00e+00	0.00e+00	0.00e+00	0.00e+00	0.00e+00	0.00e+00	9.60e-01	8.71e-04	8.84e-04
 1.61199e+18	9.62e-01	3.76e-02	1.33e-09	0.00e+00	0.00e+00	0.00e+00	0.00e+00	0.00e+00	0.00e+00	9.61e-01	8.63e-04	8.75e-04
 1.61221e+18	9.63e-01	3.66e-02	1.29e-09	0.00e+00	0.00e+00	0.00e+00	0.00e+00	0.00e+00	0.00e+00	9.62e-01	8.57e-04	8.68e-04
 1.61241e+18	9.64e-01	3.57e-02	1.25e-09	0.00e+00	0.00e+00	0.00e+00	0.00e+00	0.00e+00	0.00e+00	9.63e-01	8.50e-04	8.61e-04
 1.61260e+18	9.65e-01	3.49e-02	1.22e-09	0.00e+00	0.00e+00	0.00e+00	0.00e+00	0.00e+00	0.00e+00	9.63e-01	8.45e-04	8.54e-04
 1.61276e+18	9.66e-01	3.41e-02	1.20e-09	0.00e+00	0.00e+00	0.00e+00	0.00e+00	0.00e+00	0.00e+00	9.64e-01	8.40e-04	8.48e-04
 1.61292e+18	9.67e-01	3.34e-02	1.17e-09	0.00e+00	0.00e+00	0.00e+00	0.00e+00	0.00e+00	0.00e+00	9.65e-01	8.35e-04	8.43e-04
 1.61305e+18	9.67e-01	3.28e-02	1.15e-09	0.00e+00	0.00e+00	0.00e+00	0.00e+00	0.00e+00	0.00e+00	9.65e-01	8.29e-04	8.39e-04
 1.61321e+18	9.68e-01	3.22e-02	1.12e-09	0.00e+00	0.00e+00	0.00e+00	0.00e+00	0.00e+00	0.00e+00	9.66e-01	8.23e-04	8.33e-04
 1.61337e+18	9.68e-01	3.15e-02	1.09e-09	0.00e+00	0.00e+00	0.00e+00	0.00e+00	0.00e+00	0.00e+00	9.67e-01	8.17e-04	8.28e-04
 1.61352e+18	9.69e-01	3.09e-02	1.07e-09	0.00e+00	0.00e+00	0.00e+00	0.00e+00	0.00e+00	0.00e+00	9.67e-01	8.11e-04	8.23e-04
 1.61365e+18	9.70e-01	3.03e-02	1.05e-09	0.00e+00	0.00e+00	0.00e+00	0.00e+00	0.00e+00	0.00e+00	9.68e-01	8.06e-04	8.18e-04
 1.61380e+18	9.70e-01	2.97e-02	1.02e-09	0.00e+00	0.00e+00	0.00e+00	0.00e+00	0.00e+00	0.00e+00	9.69e-01	8.00e-04	8.13e-04
 1.61396e+18	9.71e-01	2.91e-02	9.99e-10	0.00e+00	0.00e+00	0.00e+00	0.00e+00	0.00e+00	0.00e+00	9.69e-01	7.94e-04	8.08e-04
 1.61411e+18	9.71e-01	2.85e-02	9.77e-10	0.00e+00	0.00e+00	0.00e+00	0.00e+00	0.00e+00	0.00e+00	9.70e-01	7.88e-04	8.03e-04
 1.61424e+18	9.72e-01	2.80e-02	9.56e-10	0.00e+00	0.00e+00	0.00e+00	0.00e+00	0.00e+00	0.00e+00	9.70e-01	7.83e-04	7.99e-04
 1.61436e+18	9.72e-01	2.75e-02	9.38e-10	0.00e+00	0.00e+00	0.00e+00	0.00e+00	0.00e+00	0.00e+00	9.71e-01	7.79e-04	7.95e-04
 1.61449e+18	9.73e-01	2.70e-02	9.17e-10	0.00e+00	0.00e+00	0.00e+00	0.00e+00	0.00e+00	0.00e+00	9.71e-01	7.74e-04	7.90e-04
 1.61463e+18	9.73e-01	2.65e-02	8.97e-10	0.00e+00	0.00e+00	0.00e+00	0.00e+00	0.00e+00	0.00e+00	9.72e-01	7.70e-04	7.86e-04
 1.61479e+18	9.74e-01	2.60e-02	8.74e-10	0.00e+00	0.00e+00	0.00e+00	0.00e+00	0.00e+00	0.00e+00	9.72e-01	7.65e-04	7.81e-04
 1.61496e+18	9.75e-01	2.54e-02	8.50e-10	0.00e+00	0.00e+00	0.00e+00	0.00e+00	0.00e+00	0.00e+00	9.73e-01	7.60e-04	7.77e-04
 1.61511e+18	9.75e-01	2.49e-02	8.29e-10	0.00e+00	0.00e+00	0.00e+00	0.00e+00	0.00e+00	0.00e+00	9.74e-01	7.55e-04	7.72e-04
 1.61525e+18	9.76e-01	2.44e-02	8.10e-10	0.00e+00	0.00e+00	0.00e+00	0.00e+00	0.00e+00	0.00e+00	9.74e-01	7.51e-04	7.68e-04
 1.61541e+18	9.76e-01	2.39e-02	7.89e-10	0.00e+00	0.00e+00	0.00e+00	0.00e+00	0.00e+00	0.00e+00	9.75e-01	7.46e-04	7.63e-04
 1.61557e+18	9.77e-01	2.34e-02	7.67e-10	0.00e+00	0.00e+00	0.00e+00	0.00e+00	0.00e+00	0.00e+00	9.75e-01	7.41e-04	7.59e-04
 1.61572e+18	9.77e-01	2.29e-02	7.47e-10	0.00e+00	0.00e+00	0.00e+00	0.00e+00	0.00e+00	0.00e+00	9.76e-01	7.37e-04	7.54e-04
 1.61586e+18	9.77e-01	2.25e-02	7.30e-10	0.00e+00	0.00e+00	0.00e+00	0.00e+00	0.00e+00	0.00e+00	9.76e-01	7.33e-04	7.50e-04
 1.61601e+18	9.78e-01	2.20e-02	7.10e-10	0.00e+00	0.00e+00	0.00e+00	0.00e+00	0.00e+00	0.00e+00	9.76e-01	7.29e-04	7.46e-04
 1.61617e+18	9.78e-01	2.16e-02	6.90e-10	0.00e+00	0.00e+00	0.00e+00	0.00e+00	0.00e+00	0.00e+00	9.77e-01	7.24e-04	7.41e-04
 1.61632e+18	9.79e-01	2.11e-02	6.72e-10	0.00e+00	0.00e+00	0.00e+00	0.00e+00	0.00e+00	0.00e+00	9.77e-01	7.20e-04	7.37e-04
 1.61645e+18	9.79e-01	2.07e-02	6.55e-10	0.00e+00	0.00e+00	0.00e+00	0.00e+00	0.00e+00	0.00e+00	9.78e-01	7.16e-04	7.33e-04
 1.61660e+18	9.80e-01	2.03e-02	6.36e-10	0.00e+00	0.00e+00	0.00e+00	0.00e+00	0.00e+00	0.00e+00	9.78e-01	7.12e-04	7.28e-04
 1.61676e+18	9.80e-01	1.98e-02	6.16e-10	0.00e+00	0.00e+00	0.00e+00	0.00e+00	0.00e+00	0.00e+00	9.79e-01	7.07e-04	7.23e-04
 1.61690e+18	9.81e-01	1.94e-02	5.99e-10	0.00e+00	0.00e+00	0.00e+00	0.00e+00	0.00e+00	0.00e+00	9.79e-01	7.03e-04	7.19e-04
 1.61703e+18	9.81e-01	1.91e-02	5.83e-10	0.00e+00	0.00e+00	0.00e+00	0.00e+00	0.00e+00	0.00e+00	9.80e-01	6.99e-04	7.14e-04
 1.61715e+18	9.81e-01	1.87e-02	5.69e-10	0.00e+00	0.00e+00	0.00e+00	0.00e+00	0.00e+00	0.00e+00	9.80e-01	6.96e-04	7.11e-04
 1.61728e+18	9.82e-01	1.84e-02	5.54e-10	0.00e+00	0.00e+00	0.00e+00	0.00e+00	0.00e+00	0.00e+00	9.80e-01	6.92e-04	7.06e-04
 1.61743e+18	9.82e-01	1.80e-02	5.38e-10	0.00e+00	0.00e+00	0.00e+00	0.00e+00	0.00e+00	0.00e+00	9.81e-01	6.88e-04	7.02e-04
 1.61755e+18	9.82e-01	1.77e-02	5.25e-10	0.00e+00	0.00e+00	0.00e+00	0.00e+00	0.00e+00	0.00e+00	9.81e-01	6.84e-04	6.97e-04
 1.61770e+18	9.83e-01	1.73e-02	5.09e-10	0.00e+00	0.00e+00	0.00e+00	0.00e+00	0.00e+00	0.00e+00	9.81e-01	6.80e-04	6.93e-04
 1.61785e+18	9.83e-01	1.69e-02	4.94e-10	0.00e+00	0.00e+00	0.00e+00	0.00e+00	0.00e+00	0.00e+00	9.82e-01	6.75e-04	6.87e-04
 1.61799e+18	9.83e-01	1.66e-02	4.81e-10	0.00e+00	0.00e+00	0.00e+00	0.00e+00	0.00e+00	0.00e+00	9.82e-01	6.72e-04	6.83e-04
 1.61811e+18	9.84e-01	1.63e-02	4.69e-10	0.00e+00	0.00e+00	0.00e+00	0.00e+00	0.00e+00	0.00e+00	9.82e-01	6.68e-04	6.79e-04
 1.61825e+18	9.84e-01	1.59e-02	4.55e-10	0.00e+00	0.00e+00	0.00e+00	0.00e+00	0.00e+00	0.00e+00	9.83e-01	6.64e-04	6.74e-04
 1.61840e+18	9.84e-01	1.56e-02	4.41e-10	0.00e+00	0.00e+00	0.00e+00	0.00e+00	0.00e+00	0.00e+00	9.83e-01	6.60e-04	6.69e-04
 1.61853e+18	9.85e-01	1.53e-02	4.30e-10	0.00e+00	0.00e+00	0.00e+00	0.00e+00	0.00e+00	0.00e+00	9.83e-01	6.56e-04	6.65e-04
 1.61868e+18	9.85e-01	1.49e-02	4.16e-10	0.00e+00	0.00e+00	0.00e+00	0.00e+00	0.00e+00	0.00e+00	9.84e-01	6.51e-04	6.59e-04
 1.61884e+18	9.85e-01	1.46e-02	4.03e-10	0.00e+00	0.00e+00	0.00e+00	0.00e+00	0.00e+00	0.00e+00	9.84e-01	6.47e-04	6.54e-04
 1.61899e+18	9.86e-01	1.43e-02	3.91e-10	0.00e+00	0.00e+00	0.00e+00	0.00e+00	0.00e+00	0.00e+00	9.84e-01	6.43e-04	6.49e-04
 1.61912e+18	9.86e-01	1.40e-02	3.82e-10	0.00e+00	0.00e+00	0.00e+00	0.00e+00	0.00e+00	0.00e+00	9.85e-01	6.38e-04	6.44e-04
 1.61927e+18	9.86e-01	1.38e-02	3.72e-10	0.00e+00	0.00e+00	0.00e+00	0.00e+00	0.00e+00	0.00e+00	9.85e-01	6.32e-04	6.38e-04
 1.61946e+18	9.87e-01	1.34e-02	3.59e-10	0.00e+00	0.00e+00	0.00e+00	0.00e+00	0.00e+00	0.00e+00	9.85e-01	6.22e-04	6.29e-04
