#depth	He	He+	He+2
 1.15259e+14	2.23e-05	4.82e-01	5.18e-01
 6.91556e+14	2.24e-05	4.82e-01	5.18e-01
 2.99674e+15	2.25e-05	4.83e-01	5.17e-01
 1.22175e+16	2.29e-05	4.90e-01	5.10e-01
 2.91837e+16	2.32e-05	4.90e-01	5.10e-01
 5.12397e+16	2.39e-05	4.99e-01	5.01e-01
 7.99125e+16	2.53e-05	5.19e-01	4.81e-01
 1.17187e+17	2.74e-05	5.53e-01	4.47e-01
 1.65644e+17	3.09e-05	6.07e-01	3.93e-01
 2.28639e+17	3.59e-05	6.87e-01	3.13e-01
 3.10531e+17	4.27e-05	7.90e-01	2.10e-01
 4.16991e+17	5.04e-05	8.90e-01	1.09e-01
 5.48412e+17	5.71e-05	9.54e-01	4.55e-02
 7.08846e+17	6.27e-05	9.82e-01	1.77e-02
 9.13975e+17	6.81e-05	9.93e-01	6.70e-03
 1.15842e+18	7.42e-05	9.97e-01	2.58e-03
 1.42056e+18	8.07e-05	9.99e-01	1.05e-03
 1.69319e+18	8.77e-05	9.99e-01	4.41e-04
 1.97672e+18	9.51e-05	1.00e+00	1.91e-04
 2.26452e+18	1.03e-04	1.00e+00	8.76e-05
 2.52816e+18	1.11e-04	1.00e+00	4.59e-05
 2.78098e+18	1.18e-04	1.00e+00	2.60e-05
 3.05907e+18	1.27e-04	1.00e+00	1.51e-05
 3.36498e+18	1.36e-04	1.00e+00	9.06e-06
 3.70148e+18	1.48e-04	1.00e+00	5.76e-06
 4.06320e+18	1.61e-04	1.00e+00	3.92e-06
 4.44153e+18	1.75e-04	1.00e+00	2.84e-06
 4.83499e+18	1.90e-04	1.00e+00	2.15e-06
 5.24420e+18	2.07e-04	1.00e+00	1.68e-06
 5.66977e+18	2.25e-04	1.00e+00	1.33e-06
 6.11237e+18	2.45e-04	1.00e+00	1.06e-06
 6.57266e+18	2.68e-04	1.00e+00	8.53e-07
 7.05137e+18	2.92e-04	1.00e+00	6.87e-07
 7.54923e+18	3.19e-04	1.00e+00	5.53e-07
 8.06701e+18	3.49e-04	1.00e+00	4.44e-07
 8.60549e+18	3.83e-04	1.00e+00	3.57e-07
 9.16552e+18	4.20e-04	1.00e+00	2.87e-07
 9.74794e+18	4.62e-04	1.00e+00	2.30e-07
 1.03537e+19	5.09e-04	9.99e-01	1.84e-07
 1.09836e+19	5.63e-04	9.99e-01	1.48e-07
 1.16255e+19	6.24e-04	9.99e-01	1.19e-07
 1.22658e+19	6.92e-04	9.99e-01	9.67e-08
 1.29450e+19	7.73e-04	9.99e-01	7.82e-08
 1.36410e+19	8.68e-04	9.99e-01	6.36e-08
 1.42908e+19	9.70e-04	9.99e-01	5.31e-08
 1.49047e+19	1.08e-03	9.99e-01	4.50e-08
 1.55012e+19	1.21e-03	9.99e-01	3.87e-08
 1.60911e+19	1.37e-03	9.99e-01	3.34e-08
 1.65710e+19	1.51e-03	9.98e-01	3.00e-08
 1.68545e+19	1.62e-03	9.98e-01	2.83e-08
 1.70354e+19	1.69e-03	9.98e-01	2.72e-08
 1.72273e+19	1.78e-03	9.98e-01	2.60e-08
 1.74767e+19	1.91e-03	9.98e-01	2.46e-08
 1.77283e+19	2.05e-03	9.98e-01	2.33e-08
 1.79185e+19	2.17e-03	9.98e-01	2.24e-08
 1.80694e+19	2.28e-03	9.98e-01	2.17e-08
 1.82335e+19	2.42e-03	9.98e-01	2.09e-08
 1.84111e+19	2.58e-03	9.97e-01	2.02e-08
 1.85626e+19	2.74e-03	9.97e-01	1.96e-08
 1.86870e+19	2.88e-03	9.97e-01	1.91e-08
 1.88025e+19	3.03e-03	9.97e-01	1.86e-08
 1.89352e+19	3.23e-03	9.97e-01	1.81e-08
 1.90712e+19	3.46e-03	9.97e-01	1.76e-08
 1.91774e+19	3.66e-03	9.96e-01	1.73e-08
 1.92630e+19	3.84e-03	9.96e-01	1.70e-08
 1.93564e+19	4.07e-03	9.96e-01	1.66e-08
 1.94572e+19	4.34e-03	9.96e-01	1.63e-08
 1.95433e+19	4.60e-03	9.95e-01	1.60e-08
 1.96146e+19	4.85e-03	9.95e-01	1.58e-08
 1.96913e+19	5.16e-03	9.95e-01	1.55e-08
 1.97727e+19	5.52e-03	9.94e-01	1.53e-08
 1.98407e+19	5.86e-03	9.94e-01	1.51e-08
 1.98969e+19	6.19e-03	9.94e-01	1.49e-08
 1.99580e+19	6.61e-03	9.93e-01	1.48e-08
 2.00237e+19	7.10e-03	9.93e-01	1.46e-08
 2.00798e+19	7.60e-03	9.92e-01	1.45e-08
 2.01264e+19	8.07e-03	9.92e-01	1.44e-08
 2.01765e+19	8.67e-03	9.91e-01	1.43e-08
 2.02294e+19	9.40e-03	9.91e-01	1.42e-08
 2.02728e+19	1.01e-02	9.90e-01	1.41e-08
 2.03076e+19	1.07e-02	9.89e-01	1.41e-08
 2.03448e+19	1.16e-02	9.88e-01	1.42e-08
 2.03850e+19	1.26e-02	9.87e-01	1.42e-08
 2.04190e+19	1.36e-02	9.86e-01	1.43e-08
 2.04468e+19	1.46e-02	9.85e-01	1.44e-08
 2.04763e+19	1.59e-02	9.84e-01	1.47e-08
 2.05084e+19	1.74e-02	9.83e-01	1.50e-08
 2.05357e+19	1.91e-02	9.81e-01	1.52e-08
 2.05579e+19	2.07e-02	9.79e-01	1.58e-08
 2.05813e+19	2.27e-02	9.77e-01	1.62e-08
 2.06045e+19	2.51e-02	9.75e-01	1.70e-08
 2.06214e+19	2.70e-02	9.73e-01	1.82e-08
 2.06347e+19	2.89e-02	9.71e-01	1.90e-08
 2.06495e+19	3.13e-02	9.69e-01	2.02e-08
 2.06655e+19	3.42e-02	9.66e-01	2.17e-08
 2.06791e+19	3.71e-02	9.63e-01	2.32e-08
 2.06902e+19	3.98e-02	9.60e-01	2.50e-08
 2.07020e+19	4.31e-02	9.57e-01	2.68e-08
 2.07146e+19	4.71e-02	9.53e-01	2.94e-08
 2.07254e+19	5.08e-02	9.49e-01	3.25e-08
 2.07347e+19	5.47e-02	9.45e-01	3.51e-08
 2.07453e+19	5.96e-02	9.40e-01	3.88e-08
 2.07565e+19	6.53e-02	9.35e-01	4.35e-08
 2.07660e+19	7.07e-02	9.29e-01	4.83e-08
 2.07743e+19	7.63e-02	9.24e-01	5.28e-08
 2.07837e+19	8.33e-02	9.17e-01	5.91e-08
 2.07939e+19	9.15e-02	9.09e-01	6.72e-08
 2.08031e+19	1.00e-01	9.00e-01	7.50e-08
 2.08112e+19	1.08e-01	8.92e-01	8.38e-08
 2.08195e+19	1.18e-01	8.82e-01	9.29e-08
 2.08285e+19	1.29e-01	8.71e-01	1.06e-07
 2.08373e+19	1.41e-01	8.59e-01	1.20e-07
 2.08446e+19	1.52e-01	8.48e-01	1.32e-07
 2.08513e+19	1.64e-01	8.36e-01	1.45e-07
 2.08579e+19	1.76e-01	8.24e-01	1.58e-07
 2.08633e+19	1.85e-01	8.15e-01	1.71e-07
 2.08669e+19	1.93e-01	8.07e-01	1.78e-07
 2.08704e+19	2.01e-01	7.99e-01	1.85e-07
 2.08747e+19	2.11e-01	7.89e-01	1.97e-07
 2.08792e+19	2.21e-01	7.79e-01	2.09e-07
 2.08832e+19	2.30e-01	7.70e-01	2.21e-07
 2.08868e+19	2.40e-01	7.60e-01	2.32e-07
 2.08905e+19	2.50e-01	7.50e-01	2.43e-07
 2.08945e+19	2.61e-01	7.39e-01	2.57e-07
 2.08983e+19	2.71e-01	7.29e-01	2.71e-07
 2.09020e+19	2.82e-01	7.18e-01	2.84e-07
 2.09056e+19	2.93e-01	7.07e-01	2.98e-07
 2.09093e+19	3.05e-01	6.95e-01	3.12e-07
 2.09130e+19	3.16e-01	6.84e-01	3.28e-07
 2.09166e+19	3.29e-01	6.71e-01	3.43e-07
 2.09202e+19	3.41e-01	6.59e-01	3.60e-07
 2.09238e+19	3.54e-01	6.46e-01	3.75e-07
 2.09274e+19	3.66e-01	6.34e-01	3.93e-07
 2.09309e+19	3.79e-01	6.21e-01	4.09e-07
 2.09344e+19	3.92e-01	6.08e-01	4.27e-07
 2.09379e+19	4.06e-01	5.94e-01	4.44e-07
 2.09414e+19	4.20e-01	5.80e-01	4.63e-07
 2.09448e+19	4.34e-01	5.66e-01	4.81e-07
 2.09483e+19	4.48e-01	5.52e-01	5.00e-07
 2.09517e+19	4.62e-01	5.38e-01	5.18e-07
 2.09551e+19	4.77e-01	5.23e-01	5.37e-07
 2.09585e+19	4.91e-01	5.09e-01	5.56e-07
 2.09619e+19	5.05e-01	4.95e-01	5.74e-07
 2.09652e+19	5.20e-01	4.80e-01	5.93e-07
 2.09685e+19	5.34e-01	4.66e-01	6.12e-07
 2.09717e+19	5.48e-01	4.52e-01	6.29e-07
 2.09749e+19	5.62e-01	4.38e-01	6.46e-07
 2.09781e+19	5.76e-01	4.24e-01	6.63e-07
 2.09812e+19	5.90e-01	4.10e-01	6.81e-07
 2.09843e+19	6.03e-01	3.97e-01	6.96e-07
 2.09873e+19	6.17e-01	3.83e-01	7.12e-07
 2.09903e+19	6.30e-01	3.70e-01	7.28e-07
 2.09933e+19	6.42e-01	3.58e-01	7.43e-07
 2.09962e+19	6.55e-01	3.45e-01	7.57e-07
 2.09991e+19	6.67e-01	3.33e-01	7.71e-07
 2.10019e+19	6.79e-01	3.21e-01	7.84e-07
 2.10048e+19	6.91e-01	3.09e-01	7.97e-07
 2.10076e+19	7.02e-01	2.98e-01	8.10e-07
 2.10104e+19	7.13e-01	2.87e-01	8.22e-07
 2.10131e+19	7.24e-01	2.76e-01	8.32e-07
 2.10158e+19	7.34e-01	2.66e-01	8.43e-07
 2.10186e+19	7.45e-01	2.55e-01	8.53e-07
 2.10212e+19	7.54e-01	2.46e-01	8.63e-07
 2.10239e+19	7.64e-01	2.36e-01	8.72e-07
 2.10265e+19	7.73e-01	2.27e-01	8.81e-07
 2.10291e+19	7.82e-01	2.18e-01	8.88e-07
 2.10317e+19	7.91e-01	2.09e-01	8.96e-07
 2.10343e+19	8.00e-01	2.00e-01	9.02e-07
 2.10369e+19	8.08e-01	1.92e-01	9.09e-07
 2.10394e+19	8.16e-01	1.84e-01	9.14e-07
 2.10419e+19	8.23e-01	1.77e-01	9.19e-07
 2.10445e+19	8.31e-01	1.69e-01	9.23e-07
 2.10470e+19	8.38e-01	1.62e-01	9.28e-07
 2.10495e+19	8.45e-01	1.55e-01	9.31e-07
 2.10519e+19	8.51e-01	1.49e-01	9.33e-07
 2.10544e+19	8.58e-01	1.42e-01	9.35e-07
 2.10569e+19	8.64e-01	1.36e-01	9.37e-07
 2.10593e+19	8.70e-01	1.30e-01	9.38e-07
 2.10617e+19	8.76e-01	1.24e-01	9.39e-07
 2.10641e+19	8.81e-01	1.19e-01	9.38e-07
 2.10665e+19	8.87e-01	1.13e-01	9.38e-07
 2.10690e+19	8.92e-01	1.08e-01	9.36e-07
 2.10714e+19	8.97e-01	1.03e-01	9.35e-07
 2.10737e+19	9.01e-01	9.88e-02	9.33e-07
 2.10761e+19	9.06e-01	9.43e-02	9.30e-07
 2.10785e+19	9.10e-01	8.99e-02	9.26e-07
 2.10809e+19	9.14e-01	8.57e-02	9.23e-07
 2.10832e+19	9.18e-01	8.17e-02	9.19e-07
 2.10856e+19	9.22e-01	7.79e-02	9.14e-07
 2.10879e+19	9.26e-01	7.42e-02	9.08e-07
 2.10903e+19	9.29e-01	7.07e-02	9.03e-07
 2.10926e+19	9.33e-01	6.73e-02	8.96e-07
 2.10949e+19	9.36e-01	6.41e-02	8.90e-07
 2.10972e+19	9.39e-01	6.10e-02	8.83e-07
 2.10996e+19	9.42e-01	5.81e-02	8.75e-07
 2.11019e+19	9.45e-01	5.52e-02	8.67e-07
 2.11042e+19	9.47e-01	5.25e-02	8.60e-07
 2.11065e+19	9.50e-01	5.00e-02	8.51e-07
