#depth	O	O+	O+2	O+3	O+4	O+5	O+6	O+7	O+8	O[1]	O[2]	O[3]
 5.56087e+13	2.61e-07	6.64e-03	9.73e-01	2.07e-02	3.62e-06	0.00e+00	0.00e+00	0.00e+00	0.00e+00	2.56e-07	2.51e-09	2.83e-09
 3.33652e+14	2.61e-07	6.64e-03	9.73e-01	2.06e-02	3.60e-06	0.00e+00	0.00e+00	0.00e+00	0.00e+00	2.56e-07	2.50e-09	2.81e-09
 1.44583e+15	2.62e-07	6.65e-03	9.73e-01	2.03e-02	3.53e-06	0.00e+00	0.00e+00	0.00e+00	0.00e+00	2.57e-07	2.51e-09	2.82e-09
 5.89452e+15	2.66e-07	6.69e-03	9.74e-01	1.92e-02	3.25e-06	0.00e+00	0.00e+00	0.00e+00	0.00e+00	2.60e-07	2.54e-09	2.86e-09
 1.40801e+16	2.71e-07	6.76e-03	9.76e-01	1.77e-02	2.87e-06	0.00e+00	0.00e+00	0.00e+00	0.00e+00	2.66e-07	2.58e-09	2.91e-09
 2.47214e+16	2.80e-07	6.85e-03	9.77e-01	1.59e-02	2.43e-06	0.00e+00	0.00e+00	0.00e+00	0.00e+00	2.74e-07	2.64e-09	2.98e-09
 3.85551e+16	2.91e-07	6.98e-03	9.79e-01	1.37e-02	1.95e-06	0.00e+00	0.00e+00	0.00e+00	0.00e+00	2.85e-07	2.73e-09	3.08e-09
 5.65389e+16	3.06e-07	7.14e-03	9.82e-01	1.13e-02	1.46e-06	0.00e+00	0.00e+00	0.00e+00	0.00e+00	3.00e-07	2.85e-09	3.22e-09
 7.99178e+16	3.26e-07	7.36e-03	9.84e-01	8.71e-03	9.96e-07	0.00e+00	0.00e+00	0.00e+00	0.00e+00	3.19e-07	3.01e-09	3.41e-09
 1.10310e+17	3.53e-07	7.65e-03	9.86e-01	6.19e-03	6.04e-07	0.00e+00	0.00e+00	0.00e+00	0.00e+00	3.46e-07	3.24e-09	3.67e-09
 1.49821e+17	3.92e-07	8.02e-03	9.88e-01	3.97e-03	3.15e-07	0.00e+00	0.00e+00	0.00e+00	0.00e+00	3.84e-07	3.56e-09	4.04e-09
 2.01184e+17	4.47e-07	8.52e-03	9.89e-01	2.25e-03	1.37e-07	0.00e+00	0.00e+00	0.00e+00	0.00e+00	4.39e-07	4.02e-09	4.56e-09
 2.67957e+17	5.28e-07	9.19e-03	9.90e-01	1.11e-03	0.00e+00	0.00e+00	0.00e+00	0.00e+00	0.00e+00	5.18e-07	4.68e-09	5.31e-09
 3.45933e+17	6.36e-07	1.00e-02	9.89e-01	5.18e-04	0.00e+00	0.00e+00	0.00e+00	0.00e+00	0.00e+00	6.24e-07	5.55e-09	6.30e-09
 4.28014e+17	7.68e-07	1.09e-02	9.89e-01	2.50e-04	0.00e+00	0.00e+00	0.00e+00	0.00e+00	0.00e+00	7.54e-07	6.61e-09	7.50e-09
 5.13378e+17	9.30e-07	1.19e-02	9.88e-01	1.28e-04	0.00e+00	0.00e+00	0.00e+00	0.00e+00	0.00e+00	9.13e-07	7.90e-09	8.96e-09
 6.02156e+17	1.13e-06	1.30e-02	9.87e-01	6.91e-05	0.00e+00	0.00e+00	0.00e+00	0.00e+00	0.00e+00	1.11e-06	9.45e-09	1.07e-08
 6.94486e+17	1.37e-06	1.41e-02	9.86e-01	3.89e-05	0.00e+00	0.00e+00	0.00e+00	0.00e+00	0.00e+00	1.34e-06	1.13e-08	1.28e-08
 7.90508e+17	1.66e-06	1.54e-02	9.85e-01	2.25e-05	0.00e+00	0.00e+00	0.00e+00	0.00e+00	0.00e+00	1.63e-06	1.36e-08	1.54e-08
 8.90372e+17	2.02e-06	1.69e-02	9.83e-01	1.33e-05	0.00e+00	0.00e+00	0.00e+00	0.00e+00	0.00e+00	1.98e-06	1.64e-08	1.85e-08
 9.88347e+17	2.43e-06	1.84e-02	9.82e-01	8.21e-06	0.00e+00	0.00e+00	0.00e+00	0.00e+00	0.00e+00	2.39e-06	1.95e-08	2.21e-08
 1.08718e+18	2.92e-06	1.99e-02	9.80e-01	5.14e-06	0.00e+00	0.00e+00	0.00e+00	0.00e+00	0.00e+00	2.87e-06	2.33e-08	2.63e-08
 1.19585e+18	3.55e-06	2.18e-02	9.78e-01	3.14e-06	0.00e+00	0.00e+00	0.00e+00	0.00e+00	0.00e+00	3.49e-06	2.81e-08	3.17e-08
 1.31193e+18	4.34e-06	2.39e-02	9.76e-01	1.91e-06	0.00e+00	0.00e+00	0.00e+00	0.00e+00	0.00e+00	4.27e-06	3.40e-08	3.84e-08
 1.43265e+18	5.33e-06	2.62e-02	9.74e-01	1.17e-06	0.00e+00	0.00e+00	0.00e+00	0.00e+00	0.00e+00	5.24e-06	4.14e-08	4.67e-08
 1.55820e+18	6.54e-06	2.88e-02	9.71e-01	7.29e-07	0.00e+00	0.00e+00	0.00e+00	0.00e+00	0.00e+00	6.43e-06	5.05e-08	5.70e-08
 1.68877e+18	8.06e-06	3.16e-02	9.68e-01	4.60e-07	0.00e+00	0.00e+00	0.00e+00	0.00e+00	0.00e+00	7.93e-06	6.18e-08	6.97e-08
 1.82457e+18	9.96e-06	3.48e-02	9.65e-01	2.98e-07	0.00e+00	0.00e+00	0.00e+00	0.00e+00	0.00e+00	9.80e-06	7.58e-08	8.55e-08
 1.96579e+18	1.23e-05	3.84e-02	9.62e-01	1.99e-07	0.00e+00	0.00e+00	0.00e+00	0.00e+00	0.00e+00	1.21e-05	9.34e-08	1.05e-07
 2.10624e+18	1.52e-05	4.22e-02	9.58e-01	1.41e-07	0.00e+00	0.00e+00	0.00e+00	0.00e+00	0.00e+00	1.50e-05	1.14e-07	1.29e-07
 2.24227e+18	1.85e-05	4.61e-02	9.54e-01	0.00e+00	0.00e+00	0.00e+00	0.00e+00	0.00e+00	0.00e+00	1.82e-05	1.39e-07	1.56e-07
 2.39015e+18	2.29e-05	5.08e-02	9.49e-01	0.00e+00	0.00e+00	0.00e+00	0.00e+00	0.00e+00	0.00e+00	2.26e-05	1.71e-07	1.93e-07
 2.53587e+18	2.81e-05	5.57e-02	9.44e-01	0.00e+00	0.00e+00	0.00e+00	0.00e+00	0.00e+00	0.00e+00	2.77e-05	2.08e-07	2.35e-07
 2.65689e+18	3.33e-05	6.01e-02	9.40e-01	0.00e+00	0.00e+00	0.00e+00	0.00e+00	0.00e+00	0.00e+00	3.28e-05	2.46e-07	2.77e-07
 2.78484e+18	3.99e-05	6.51e-02	9.35e-01	0.00e+00	0.00e+00	0.00e+00	0.00e+00	0.00e+00	0.00e+00	3.93e-05	2.94e-07	3.32e-07
 2.92638e+18	4.86e-05	7.11e-02	9.29e-01	0.00e+00	0.00e+00	0.00e+00	0.00e+00	0.00e+00	0.00e+00	4.78e-05	3.56e-07	4.03e-07
 3.05488e+18	5.80e-05	7.69e-02	9.23e-01	0.00e+00	0.00e+00	0.00e+00	0.00e+00	0.00e+00	0.00e+00	5.71e-05	4.24e-07	4.79e-07
 3.17035e+18	6.84e-05	8.27e-02	9.17e-01	0.00e+00	0.00e+00	0.00e+00	0.00e+00	0.00e+00	0.00e+00	6.73e-05	4.99e-07	5.64e-07
 3.29962e+18	8.23e-05	8.97e-02	9.10e-01	0.00e+00	0.00e+00	0.00e+00	0.00e+00	0.00e+00	0.00e+00	8.10e-05	5.99e-07	6.77e-07
 3.43732e+18	1.00e-04	9.77e-02	9.02e-01	0.00e+00	0.00e+00	0.00e+00	0.00e+00	0.00e+00	0.00e+00	9.86e-05	7.27e-07	8.22e-07
 3.55524e+18	1.19e-04	1.05e-01	8.95e-01	0.00e+00	0.00e+00	0.00e+00	0.00e+00	0.00e+00	0.00e+00	1.17e-04	8.61e-07	9.74e-07
 3.65919e+18	1.39e-04	1.13e-01	8.87e-01	0.00e+00	0.00e+00	0.00e+00	0.00e+00	0.00e+00	0.00e+00	1.37e-04	1.00e-06	1.14e-06
 3.77571e+18	1.66e-04	1.22e-01	8.78e-01	0.00e+00	0.00e+00	0.00e+00	0.00e+00	0.00e+00	0.00e+00	1.64e-04	1.20e-06	1.36e-06
 3.89951e+18	2.02e-04	1.32e-01	8.68e-01	0.00e+00	0.00e+00	0.00e+00	0.00e+00	0.00e+00	0.00e+00	1.99e-04	1.46e-06	1.65e-06
 4.00424e+18	2.40e-04	1.42e-01	8.58e-01	0.00e+00	0.00e+00	0.00e+00	0.00e+00	0.00e+00	0.00e+00	2.36e-04	1.72e-06	1.95e-06
 4.09449e+18	2.79e-04	1.52e-01	8.48e-01	0.00e+00	0.00e+00	0.00e+00	0.00e+00	0.00e+00	0.00e+00	2.75e-04	2.00e-06	2.26e-06
 4.19447e+18	3.33e-04	1.63e-01	8.36e-01	0.00e+00	0.00e+00	0.00e+00	0.00e+00	0.00e+00	0.00e+00	3.28e-04	2.39e-06	2.70e-06
 4.30055e+18	4.04e-04	1.77e-01	8.22e-01	0.00e+00	0.00e+00	0.00e+00	0.00e+00	0.00e+00	0.00e+00	3.98e-04	2.89e-06	3.27e-06
 4.38954e+18	4.78e-04	1.91e-01	8.09e-01	0.00e+00	0.00e+00	0.00e+00	0.00e+00	0.00e+00	0.00e+00	4.71e-04	3.42e-06	3.87e-06
 4.46499e+18	5.57e-04	2.03e-01	7.96e-01	0.00e+00	0.00e+00	0.00e+00	0.00e+00	0.00e+00	0.00e+00	5.48e-04	3.98e-06	4.49e-06
 4.54788e+18	6.63e-04	2.19e-01	7.81e-01	0.00e+00	0.00e+00	0.00e+00	0.00e+00	0.00e+00	0.00e+00	6.52e-04	4.74e-06	5.34e-06
 4.63604e+18	8.04e-04	2.37e-01	7.62e-01	0.00e+00	0.00e+00	0.00e+00	0.00e+00	0.00e+00	0.00e+00	7.92e-04	5.74e-06	6.47e-06
 4.71010e+18	9.54e-04	2.55e-01	7.44e-01	0.00e+00	0.00e+00	0.00e+00	0.00e+00	0.00e+00	0.00e+00	9.40e-04	6.81e-06	7.67e-06
 4.77251e+18	1.11e-03	2.71e-01	7.28e-01	0.00e+00	0.00e+00	0.00e+00	0.00e+00	0.00e+00	0.00e+00	1.09e-03	7.93e-06	8.93e-06
 4.84073e+18	1.33e-03	2.92e-01	7.07e-01	0.00e+00	0.00e+00	0.00e+00	0.00e+00	0.00e+00	0.00e+00	1.31e-03	9.44e-06	1.06e-05
 4.91355e+18	1.61e-03	3.17e-01	6.82e-01	0.00e+00	0.00e+00	0.00e+00	0.00e+00	0.00e+00	0.00e+00	1.59e-03	1.15e-05	1.29e-05
 4.97504e+18	1.92e-03	3.40e-01	6.58e-01	0.00e+00	0.00e+00	0.00e+00	0.00e+00	0.00e+00	0.00e+00	1.90e-03	1.37e-05	1.54e-05
 5.02683e+18	2.25e-03	3.62e-01	6.36e-01	0.00e+00	0.00e+00	0.00e+00	0.00e+00	0.00e+00	0.00e+00	2.22e-03	1.60e-05	1.80e-05
 5.08336e+18	2.70e-03	3.89e-01	6.08e-01	0.00e+00	0.00e+00	0.00e+00	0.00e+00	0.00e+00	0.00e+00	2.66e-03	1.92e-05	2.15e-05
 5.14398e+18	3.30e-03	4.21e-01	5.75e-01	0.00e+00	0.00e+00	0.00e+00	0.00e+00	0.00e+00	0.00e+00	3.25e-03	2.34e-05	2.63e-05
 5.19556e+18	3.98e-03	4.52e-01	5.44e-01	0.00e+00	0.00e+00	0.00e+00	0.00e+00	0.00e+00	0.00e+00	3.92e-03	2.82e-05	3.16e-05
 5.23921e+18	4.69e-03	4.81e-01	5.15e-01	0.00e+00	0.00e+00	0.00e+00	0.00e+00	0.00e+00	0.00e+00	4.62e-03	3.31e-05	3.72e-05
 5.28692e+18	5.66e-03	5.15e-01	4.80e-01	0.00e+00	0.00e+00	0.00e+00	0.00e+00	0.00e+00	0.00e+00	5.58e-03	4.00e-05	4.48e-05
 5.33845e+18	7.04e-03	5.54e-01	4.39e-01	0.00e+00	0.00e+00	0.00e+00	0.00e+00	0.00e+00	0.00e+00	6.93e-03	4.96e-05	5.56e-05
 5.38292e+18	8.63e-03	5.92e-01	3.99e-01	0.00e+00	0.00e+00	0.00e+00	0.00e+00	0.00e+00	0.00e+00	8.50e-03	6.06e-05	6.79e-05
 5.42051e+18	1.03e-02	6.26e-01	3.64e-01	0.00e+00	0.00e+00	0.00e+00	0.00e+00	0.00e+00	0.00e+00	1.02e-02	7.26e-05	8.12e-05
 5.45369e+18	1.23e-02	6.57e-01	3.31e-01	0.00e+00	0.00e+00	0.00e+00	0.00e+00	0.00e+00	0.00e+00	1.21e-02	8.58e-05	9.60e-05
 5.48442e+18	1.45e-02	6.87e-01	2.99e-01	0.00e+00	0.00e+00	0.00e+00	0.00e+00	0.00e+00	0.00e+00	1.43e-02	1.01e-04	1.13e-04
 5.51945e+18	1.77e-02	7.21e-01	2.61e-01	0.00e+00	0.00e+00	0.00e+00	0.00e+00	0.00e+00	0.00e+00	1.74e-02	1.23e-04	1.37e-04
 5.55720e+18	2.23e-02	7.58e-01	2.20e-01	0.00e+00	0.00e+00	0.00e+00	0.00e+00	0.00e+00	0.00e+00	2.19e-02	1.54e-04	1.72e-04
 5.58889e+18	2.76e-02	7.88e-01	1.85e-01	0.00e+00	0.00e+00	0.00e+00	0.00e+00	0.00e+00	0.00e+00	2.72e-02	1.90e-04	2.13e-04
 5.61401e+18	3.33e-02	8.10e-01	1.57e-01	0.00e+00	0.00e+00	0.00e+00	0.00e+00	0.00e+00	0.00e+00	3.28e-02	2.28e-04	2.55e-04
 5.63652e+18	3.99e-02	8.28e-01	1.32e-01	0.00e+00	0.00e+00	0.00e+00	0.00e+00	0.00e+00	0.00e+00	3.93e-02	2.72e-04	3.04e-04
 5.65712e+18	4.77e-02	8.42e-01	1.10e-01	0.00e+00	0.00e+00	0.00e+00	0.00e+00	0.00e+00	0.00e+00	4.70e-02	3.23e-04	3.62e-04
 5.67445e+18	5.63e-02	8.51e-01	9.22e-02	0.00e+00	0.00e+00	0.00e+00	0.00e+00	0.00e+00	0.00e+00	5.55e-02	3.79e-04	4.24e-04
 5.68925e+18	6.57e-02	8.57e-01	7.76e-02	0.00e+00	0.00e+00	0.00e+00	0.00e+00	0.00e+00	0.00e+00	6.47e-02	4.38e-04	4.91e-04
 5.70262e+18	7.62e-02	8.59e-01	6.51e-02	0.00e+00	0.00e+00	0.00e+00	0.00e+00	0.00e+00	0.00e+00	7.51e-02	5.04e-04	5.66e-04
 5.71509e+18	8.84e-02	8.57e-01	5.41e-02	0.00e+00	0.00e+00	0.00e+00	0.00e+00	0.00e+00	0.00e+00	8.72e-02	5.80e-04	6.50e-04
 5.72661e+18	1.02e-01	8.53e-01	4.48e-02	0.00e+00	0.00e+00	0.00e+00	0.00e+00	0.00e+00	0.00e+00	1.01e-01	6.64e-04	7.45e-04
 5.73711e+18	1.18e-01	8.45e-01	3.69e-02	0.00e+00	0.00e+00	0.00e+00	0.00e+00	0.00e+00	0.00e+00	1.17e-01	7.57e-04	8.51e-04
 5.74662e+18	1.36e-01	8.33e-01	3.02e-02	0.00e+00	0.00e+00	0.00e+00	0.00e+00	0.00e+00	0.00e+00	1.35e-01	8.60e-04	9.66e-04
 5.75516e+18	1.56e-01	8.19e-01	2.48e-02	0.00e+00	0.00e+00	0.00e+00	0.00e+00	0.00e+00	0.00e+00	1.54e-01	9.68e-04	1.09e-03
 5.76292e+18	1.77e-01	8.02e-01	2.03e-02	0.00e+00	0.00e+00	0.00e+00	0.00e+00	0.00e+00	0.00e+00	1.75e-01	1.08e-03	1.21e-03
 5.77019e+18	2.02e-01	7.81e-01	1.65e-02	0.00e+00	0.00e+00	0.00e+00	0.00e+00	0.00e+00	0.00e+00	2.00e-01	1.20e-03	1.35e-03
 5.77695e+18	2.28e-01	7.58e-01	1.34e-02	0.00e+00	0.00e+00	0.00e+00	0.00e+00	0.00e+00	0.00e+00	2.26e-01	1.33e-03	1.50e-03
 5.78317e+18	2.57e-01	7.32e-01	1.09e-02	0.00e+00	0.00e+00	0.00e+00	0.00e+00	0.00e+00	0.00e+00	2.54e-01	1.45e-03	1.64e-03
 5.78903e+18	2.87e-01	7.04e-01	8.81e-03	0.00e+00	0.00e+00	0.00e+00	0.00e+00	0.00e+00	0.00e+00	2.84e-01	1.58e-03	1.78e-03
 5.79459e+18	3.20e-01	6.73e-01	7.09e-03	0.00e+00	0.00e+00	0.00e+00	0.00e+00	0.00e+00	0.00e+00	3.16e-01	1.70e-03	1.92e-03
 5.79985e+18	3.54e-01	6.41e-01	5.71e-03	0.00e+00	0.00e+00	0.00e+00	0.00e+00	0.00e+00	0.00e+00	3.50e-01	1.81e-03	2.04e-03
 5.80477e+18	3.88e-01	6.08e-01	4.60e-03	0.00e+00	0.00e+00	0.00e+00	0.00e+00	0.00e+00	0.00e+00	3.84e-01	1.91e-03	2.16e-03
 5.80928e+18	4.21e-01	5.75e-01	3.75e-03	0.00e+00	0.00e+00	0.00e+00	0.00e+00	0.00e+00	0.00e+00	4.17e-01	1.99e-03	2.25e-03
 5.81327e+18	4.51e-01	5.46e-01	3.10e-03	0.00e+00	0.00e+00	0.00e+00	0.00e+00	0.00e+00	0.00e+00	4.47e-01	2.05e-03	2.32e-03
 5.81683e+18	4.79e-01	5.19e-01	2.61e-03	0.00e+00	0.00e+00	0.00e+00	0.00e+00	0.00e+00	0.00e+00	4.74e-01	2.10e-03	2.38e-03
 5.82020e+18	5.04e-01	4.94e-01	2.21e-03	0.00e+00	0.00e+00	0.00e+00	0.00e+00	0.00e+00	0.00e+00	5.00e-01	2.13e-03	2.42e-03
 5.82347e+18	5.29e-01	4.69e-01	1.88e-03	0.00e+00	0.00e+00	0.00e+00	0.00e+00	0.00e+00	0.00e+00	5.24e-01	2.16e-03	2.44e-03
 5.82659e+18	5.52e-01	4.47e-01	1.61e-03	0.00e+00	0.00e+00	0.00e+00	0.00e+00	0.00e+00	0.00e+00	5.47e-01	2.17e-03	2.46e-03
 5.82952e+18	5.73e-01	4.26e-01	1.39e-03	0.00e+00	0.00e+00	0.00e+00	0.00e+00	0.00e+00	0.00e+00	5.68e-01	2.18e-03	2.47e-03
 5.83234e+18	5.92e-01	4.07e-01	1.21e-03	0.00e+00	0.00e+00	0.00e+00	0.00e+00	0.00e+00	0.00e+00	5.87e-01	2.18e-03	2.47e-03
 5.83466e+18	6.08e-01	3.91e-01	1.08e-03	0.00e+00	0.00e+00	0.00e+00	0.00e+00	0.00e+00	0.00e+00	6.03e-01	2.18e-03	2.47e-03
 5.83631e+18	6.18e-01	3.81e-01	9.94e-04	0.00e+00	0.00e+00	0.00e+00	0.00e+00	0.00e+00	0.00e+00	6.13e-01	2.17e-03	2.47e-03
 5.83792e+18	6.28e-01	3.71e-01	9.17e-04	0.00e+00	0.00e+00	0.00e+00	0.00e+00	0.00e+00	0.00e+00	6.24e-01	2.17e-03	2.46e-03
 5.83981e+18	6.39e-01	3.60e-01	8.35e-04	0.00e+00	0.00e+00	0.00e+00	0.00e+00	0.00e+00	0.00e+00	6.35e-01	2.16e-03	2.45e-03
 5.84193e+18	6.52e-01	3.47e-01	7.50e-04	0.00e+00	0.00e+00	0.00e+00	0.00e+00	0.00e+00	0.00e+00	6.48e-01	2.15e-03	2.44e-03
 5.84405e+18	6.65e-01	3.35e-01	6.74e-04	0.00e+00	0.00e+00	0.00e+00	0.00e+00	0.00e+00	0.00e+00	6.60e-01	2.13e-03	2.42e-03
 5.84602e+18	6.75e-01	3.24e-01	6.11e-04	0.00e+00	0.00e+00	0.00e+00	0.00e+00	0.00e+00	0.00e+00	6.71e-01	2.12e-03	2.41e-03
 5.84797e+18	6.86e-01	3.13e-01	5.53e-04	0.00e+00	0.00e+00	0.00e+00	0.00e+00	0.00e+00	0.00e+00	6.82e-01	2.10e-03	2.39e-03
 5.85002e+18	6.97e-01	3.03e-01	4.99e-04	0.00e+00	0.00e+00	0.00e+00	0.00e+00	0.00e+00	0.00e+00	6.92e-01	2.09e-03	2.37e-03
 5.85215e+18	7.08e-01	2.92e-01	4.47e-04	0.00e+00	0.00e+00	0.00e+00	0.00e+00	0.00e+00	0.00e+00	7.03e-01	2.06e-03	2.34e-03
 5.85429e+18	7.18e-01	2.82e-01	4.02e-04	0.00e+00	0.00e+00	0.00e+00	0.00e+00	0.00e+00	0.00e+00	7.14e-01	2.04e-03	2.32e-03
 5.85643e+18	7.28e-01	2.71e-01	3.60e-04	0.00e+00	0.00e+00	0.00e+00	0.00e+00	0.00e+00	0.00e+00	7.24e-01	2.02e-03	2.29e-03
 5.85861e+18	7.38e-01	2.61e-01	3.22e-04	0.00e+00	0.00e+00	0.00e+00	0.00e+00	0.00e+00	0.00e+00	7.34e-01	1.99e-03	2.26e-03
 5.86079e+18	7.48e-01	2.52e-01	2.88e-04	0.00e+00	0.00e+00	0.00e+00	0.00e+00	0.00e+00	0.00e+00	7.44e-01	1.97e-03	2.24e-03
 5.86300e+18	7.57e-01	2.42e-01	2.57e-04	0.00e+00	0.00e+00	0.00e+00	0.00e+00	0.00e+00	0.00e+00	7.53e-01	1.94e-03	2.21e-03
 5.86526e+18	7.67e-01	2.33e-01	2.29e-04	0.00e+00	0.00e+00	0.00e+00	0.00e+00	0.00e+00	0.00e+00	7.63e-01	1.92e-03	2.18e-03
 5.86755e+18	7.76e-01	2.24e-01	2.04e-04	0.00e+00	0.00e+00	0.00e+00	0.00e+00	0.00e+00	0.00e+00	7.72e-01	1.89e-03	2.15e-03
 5.86985e+18	7.85e-01	2.15e-01	1.81e-04	0.00e+00	0.00e+00	0.00e+00	0.00e+00	0.00e+00	0.00e+00	7.81e-01	1.86e-03	2.11e-03
 5.87216e+18	7.93e-01	2.07e-01	1.60e-04	0.00e+00	0.00e+00	0.00e+00	0.00e+00	0.00e+00	0.00e+00	7.89e-01	1.83e-03	2.08e-03
 5.87451e+18	8.01e-01	1.99e-01	1.42e-04	0.00e+00	0.00e+00	0.00e+00	0.00e+00	0.00e+00	0.00e+00	7.97e-01	1.80e-03	2.05e-03
 5.87687e+18	8.09e-01	1.91e-01	1.25e-04	0.00e+00	0.00e+00	0.00e+00	0.00e+00	0.00e+00	0.00e+00	8.05e-01	1.78e-03	2.01e-03
 5.87924e+18	8.17e-01	1.83e-01	1.10e-04	0.00e+00	0.00e+00	0.00e+00	0.00e+00	0.00e+00	0.00e+00	8.13e-01	1.75e-03	1.98e-03
 5.88164e+18	8.24e-01	1.75e-01	9.74e-05	0.00e+00	0.00e+00	0.00e+00	0.00e+00	0.00e+00	0.00e+00	8.21e-01	1.72e-03	1.95e-03
 5.88407e+18	8.32e-01	1.68e-01	8.55e-05	0.00e+00	0.00e+00	0.00e+00	0.00e+00	0.00e+00	0.00e+00	8.28e-01	1.69e-03	1.91e-03
 5.88650e+18	8.39e-01	1.61e-01	7.52e-05	0.00e+00	0.00e+00	0.00e+00	0.00e+00	0.00e+00	0.00e+00	8.35e-01	1.66e-03	1.88e-03
 5.88891e+18	8.46e-01	1.54e-01	6.61e-05	0.00e+00	0.00e+00	0.00e+00	0.00e+00	0.00e+00	0.00e+00	8.42e-01	1.63e-03	1.85e-03
 5.89136e+18	8.52e-01	1.48e-01	5.79e-05	0.00e+00	0.00e+00	0.00e+00	0.00e+00	0.00e+00	0.00e+00	8.49e-01	1.60e-03	1.81e-03
 5.89382e+18	8.59e-01	1.41e-01	5.07e-05	0.00e+00	0.00e+00	0.00e+00	0.00e+00	0.00e+00	0.00e+00	8.55e-01	1.57e-03	1.78e-03
 5.89625e+18	8.65e-01	1.35e-01	4.44e-05	0.00e+00	0.00e+00	0.00e+00	0.00e+00	0.00e+00	0.00e+00	8.61e-01	1.55e-03	1.75e-03
 5.89865e+18	8.70e-01	1.30e-01	3.90e-05	0.00e+00	0.00e+00	0.00e+00	0.00e+00	0.00e+00	0.00e+00	8.67e-01	1.52e-03	1.72e-03
 5.90104e+18	8.76e-01	1.24e-01	3.42e-05	0.00e+00	0.00e+00	0.00e+00	0.00e+00	0.00e+00	0.00e+00	8.73e-01	1.49e-03	1.69e-03
 5.90344e+18	8.81e-01	1.19e-01	3.00e-05	0.00e+00	0.00e+00	0.00e+00	0.00e+00	0.00e+00	0.00e+00	8.78e-01	1.47e-03	1.66e-03
 5.90582e+18	8.86e-01	1.14e-01	2.63e-05	0.00e+00	0.00e+00	0.00e+00	0.00e+00	0.00e+00	0.00e+00	8.83e-01	1.44e-03	1.63e-03
 5.90815e+18	8.91e-01	1.09e-01	2.31e-05	0.00e+00	0.00e+00	0.00e+00	0.00e+00	0.00e+00	0.00e+00	8.88e-01	1.42e-03	1.60e-03
 5.91047e+18	8.95e-01	1.05e-01	2.03e-05	0.00e+00	0.00e+00	0.00e+00	0.00e+00	0.00e+00	0.00e+00	8.92e-01	1.40e-03	1.58e-03
 5.91280e+18	9.00e-01	1.00e-01	1.78e-05	0.00e+00	0.00e+00	0.00e+00	0.00e+00	0.00e+00	0.00e+00	8.97e-01	1.37e-03	1.55e-03
 5.91511e+18	9.04e-01	9.62e-02	1.57e-05	0.00e+00	0.00e+00	0.00e+00	0.00e+00	0.00e+00	0.00e+00	9.01e-01	1.35e-03	1.53e-03
 5.91736e+18	9.08e-01	9.22e-02	1.38e-05	0.00e+00	0.00e+00	0.00e+00	0.00e+00	0.00e+00	0.00e+00	9.05e-01	1.33e-03	1.50e-03
 5.91961e+18	9.11e-01	8.86e-02	1.22e-05	0.00e+00	0.00e+00	0.00e+00	0.00e+00	0.00e+00	0.00e+00	9.09e-01	1.31e-03	1.48e-03
 5.92186e+18	9.15e-01	8.48e-02	1.07e-05	0.00e+00	0.00e+00	0.00e+00	0.00e+00	0.00e+00	0.00e+00	9.12e-01	1.29e-03	1.45e-03
 5.92410e+18	9.19e-01	8.14e-02	9.45e-06	0.00e+00	0.00e+00	0.00e+00	0.00e+00	0.00e+00	0.00e+00	9.16e-01	1.27e-03	1.43e-03
 5.92631e+18	9.22e-01	7.81e-02	8.34e-06	0.00e+00	0.00e+00	0.00e+00	0.00e+00	0.00e+00	0.00e+00	9.19e-01	1.25e-03	1.41e-03
 5.92849e+18	9.25e-01	7.50e-02	7.37e-06	0.00e+00	0.00e+00	0.00e+00	0.00e+00	0.00e+00	0.00e+00	9.22e-01	1.24e-03	1.39e-03
 5.93064e+18	9.28e-01	7.20e-02	6.51e-06	0.00e+00	0.00e+00	0.00e+00	0.00e+00	0.00e+00	0.00e+00	9.25e-01	1.22e-03	1.37e-03
 5.93281e+18	9.31e-01	6.92e-02	5.76e-06	0.00e+00	0.00e+00	0.00e+00	0.00e+00	0.00e+00	0.00e+00	9.28e-01	1.20e-03	1.35e-03
 5.93497e+18	9.34e-01	6.63e-02	5.08e-06	0.00e+00	0.00e+00	0.00e+00	0.00e+00	0.00e+00	0.00e+00	9.31e-01	1.19e-03	1.33e-03
 5.93710e+18	9.36e-01	6.37e-02	4.50e-06	0.00e+00	0.00e+00	0.00e+00	0.00e+00	0.00e+00	0.00e+00	9.34e-01	1.17e-03	1.31e-03
 5.93922e+18	9.39e-01	6.12e-02	3.98e-06	0.00e+00	0.00e+00	0.00e+00	0.00e+00	0.00e+00	0.00e+00	9.36e-01	1.16e-03	1.30e-03
 5.94131e+18	9.41e-01	5.88e-02	3.53e-06	0.00e+00	0.00e+00	0.00e+00	0.00e+00	0.00e+00	0.00e+00	9.39e-01	1.14e-03	1.28e-03
 5.94339e+18	9.44e-01	5.64e-02	3.13e-06	0.00e+00	0.00e+00	0.00e+00	0.00e+00	0.00e+00	0.00e+00	9.41e-01	1.13e-03	1.26e-03
 5.94548e+18	9.46e-01	5.43e-02	2.78e-06	0.00e+00	0.00e+00	0.00e+00	0.00e+00	0.00e+00	0.00e+00	9.43e-01	1.12e-03	1.25e-03
 5.94755e+18	9.48e-01	5.21e-02	2.46e-06	0.00e+00	0.00e+00	0.00e+00	0.00e+00	0.00e+00	0.00e+00	9.46e-01	1.10e-03	1.23e-03
 5.94961e+18	9.50e-01	5.01e-02	2.19e-06	0.00e+00	0.00e+00	0.00e+00	0.00e+00	0.00e+00	0.00e+00	9.48e-01	1.09e-03	1.22e-03
 5.95164e+18	9.52e-01	4.81e-02	1.94e-06	0.00e+00	0.00e+00	0.00e+00	0.00e+00	0.00e+00	0.00e+00	9.50e-01	1.08e-03	1.21e-03
 5.95368e+18	9.54e-01	4.63e-02	1.73e-06	0.00e+00	0.00e+00	0.00e+00	0.00e+00	0.00e+00	0.00e+00	9.51e-01	1.07e-03	1.19e-03
 5.95570e+18	9.56e-01	4.45e-02	1.54e-06	0.00e+00	0.00e+00	0.00e+00	0.00e+00	0.00e+00	0.00e+00	9.53e-01	1.06e-03	1.18e-03
 5.95771e+18	9.57e-01	4.28e-02	1.37e-06	0.00e+00	0.00e+00	0.00e+00	0.00e+00	0.00e+00	0.00e+00	9.55e-01	1.05e-03	1.17e-03
 5.95971e+18	9.59e-01	4.11e-02	1.22e-06	0.00e+00	0.00e+00	0.00e+00	0.00e+00	0.00e+00	0.00e+00	9.57e-01	1.04e-03	1.16e-03
 5.96173e+18	9.60e-01	3.95e-02	1.08e-06	0.00e+00	0.00e+00	0.00e+00	0.00e+00	0.00e+00	0.00e+00	9.58e-01	1.03e-03	1.14e-03
 5.96372e+18	9.62e-01	3.80e-02	9.64e-07	0.00e+00	0.00e+00	0.00e+00	0.00e+00	0.00e+00	0.00e+00	9.60e-01	1.02e-03	1.13e-03
 5.96568e+18	9.63e-01	3.66e-02	8.61e-07	0.00e+00	0.00e+00	0.00e+00	0.00e+00	0.00e+00	0.00e+00	9.61e-01	1.01e-03	1.12e-03
 5.96764e+18	9.65e-01	3.51e-02	7.68e-07	0.00e+00	0.00e+00	0.00e+00	0.00e+00	0.00e+00	0.00e+00	9.63e-01	1.00e-03	1.11e-03
 5.96960e+18	9.66e-01	3.38e-02	6.86e-07	0.00e+00	0.00e+00	0.00e+00	0.00e+00	0.00e+00	0.00e+00	9.64e-01	9.92e-04	1.10e-03
 5.97156e+18	9.68e-01	3.25e-02	6.11e-07	0.00e+00	0.00e+00	0.00e+00	0.00e+00	0.00e+00	0.00e+00	9.65e-01	9.83e-04	1.09e-03
 5.97353e+18	9.69e-01	3.13e-02	5.46e-07	0.00e+00	0.00e+00	0.00e+00	0.00e+00	0.00e+00	0.00e+00	9.67e-01	9.75e-04	1.08e-03
 5.97546e+18	9.70e-01	3.01e-02	4.88e-07	0.00e+00	0.00e+00	0.00e+00	0.00e+00	0.00e+00	0.00e+00	9.68e-01	9.68e-04	1.07e-03
 5.97737e+18	9.71e-01	2.89e-02	4.37e-07	0.00e+00	0.00e+00	0.00e+00	0.00e+00	0.00e+00	0.00e+00	9.69e-01	9.61e-04	1.06e-03
 5.97928e+18	9.72e-01	2.78e-02	3.91e-07	0.00e+00	0.00e+00	0.00e+00	0.00e+00	0.00e+00	0.00e+00	9.70e-01	9.53e-04	1.06e-03
 5.98120e+18	9.73e-01	2.68e-02	3.50e-07	0.00e+00	0.00e+00	0.00e+00	0.00e+00	0.00e+00	0.00e+00	9.71e-01	9.46e-04	1.05e-03
 5.98311e+18	9.74e-01	2.57e-02	3.14e-07	0.00e+00	0.00e+00	0.00e+00	0.00e+00	0.00e+00	0.00e+00	9.72e-01	9.39e-04	1.04e-03
 5.98499e+18	9.75e-01	2.48e-02	2.81e-07	0.00e+00	0.00e+00	0.00e+00	0.00e+00	0.00e+00	0.00e+00	9.73e-01	9.33e-04	1.03e-03
 5.98687e+18	9.76e-01	2.38e-02	2.52e-07	0.00e+00	0.00e+00	0.00e+00	0.00e+00	0.00e+00	0.00e+00	9.74e-01	9.27e-04	1.02e-03
 5.98874e+18	9.77e-01	2.29e-02	2.27e-07	0.00e+00	0.00e+00	0.00e+00	0.00e+00	0.00e+00	0.00e+00	9.75e-01	9.20e-04	1.02e-03
 5.99060e+18	9.78e-01	2.20e-02	2.04e-07	0.00e+00	0.00e+00	0.00e+00	0.00e+00	0.00e+00	0.00e+00	9.76e-01	9.14e-04	1.01e-03
 5.99244e+18	9.79e-01	2.12e-02	1.83e-07	0.00e+00	0.00e+00	0.00e+00	0.00e+00	0.00e+00	0.00e+00	9.77e-01	9.08e-04	1.00e-03
 5.99427e+18	9.80e-01	2.04e-02	1.65e-07	0.00e+00	0.00e+00	0.00e+00	0.00e+00	0.00e+00	0.00e+00	9.78e-01	9.02e-04	9.93e-04
 5.99607e+18	9.80e-01	1.96e-02	1.49e-07	0.00e+00	0.00e+00	0.00e+00	0.00e+00	0.00e+00	0.00e+00	9.79e-01	8.96e-04	9.85e-04
 5.99784e+18	9.81e-01	1.88e-02	1.35e-07	0.00e+00	0.00e+00	0.00e+00	0.00e+00	0.00e+00	0.00e+00	9.79e-01	8.90e-04	9.77e-04
 5.99961e+18	9.82e-01	1.81e-02	1.22e-07	0.00e+00	0.00e+00	0.00e+00	0.00e+00	0.00e+00	0.00e+00	9.80e-01	8.84e-04	9.69e-04
 6.00135e+18	9.83e-01	1.74e-02	1.10e-07	0.00e+00	0.00e+00	0.00e+00	0.00e+00	0.00e+00	0.00e+00	9.81e-01	8.78e-04	9.61e-04
 6.00306e+18	9.83e-01	1.67e-02	1.00e-07	0.00e+00	0.00e+00	0.00e+00	0.00e+00	0.00e+00	0.00e+00	9.82e-01	8.73e-04	9.54e-04
 6.00473e+18	9.84e-01	1.60e-02	9.12e-08	0.00e+00	0.00e+00	0.00e+00	0.00e+00	0.00e+00	0.00e+00	9.82e-01	8.67e-04	9.46e-04
 6.00637e+18	9.85e-01	1.53e-02	8.30e-08	0.00e+00	0.00e+00	0.00e+00	0.00e+00	0.00e+00	0.00e+00	9.83e-01	8.61e-04	9.38e-04
