#depth	H	H+	H2
 6.10557e+13	6.43e-05	1.00e+00	1.81e-17
 3.66334e+14	6.43e-05	1.00e+00	1.81e-17
 1.58745e+15	6.44e-05	1.00e+00	1.82e-17
 6.47190e+15	6.48e-05	1.00e+00	1.84e-17
 1.54593e+16	6.53e-05	1.00e+00	1.88e-17
 2.71429e+16	6.60e-05	1.00e+00	1.93e-17
 4.23316e+16	6.69e-05	1.00e+00	2.00e-17
 6.20769e+16	6.80e-05	1.00e+00	2.08e-17
 8.77459e+16	6.95e-05	1.00e+00	2.18e-17
 1.21115e+17	7.14e-05	1.00e+00	2.33e-17
 1.64496e+17	7.39e-05	1.00e+00	2.51e-17
 2.20890e+17	7.73e-05	1.00e+00	2.77e-17
 2.94203e+17	8.18e-05	1.00e+00	3.13e-17
 3.87856e+17	8.77e-05	1.00e+00	3.63e-17
 4.94374e+17	9.47e-05	1.00e+00	4.25e-17
 6.05153e+17	1.02e-04	1.00e+00	4.97e-17
 7.20363e+17	1.10e-04	1.00e+00	5.82e-17
 8.40181e+17	1.19e-04	1.00e+00	6.82e-17
 9.64793e+17	1.29e-04	1.00e+00	8.01e-17
 1.09439e+18	1.39e-04	1.00e+00	9.41e-17
 1.21848e+18	1.49e-04	1.00e+00	1.09e-16
 1.34033e+18	1.60e-04	1.00e+00	1.26e-16
 1.47436e+18	1.72e-04	1.00e+00	1.47e-16
 1.62096e+18	1.86e-04	1.00e+00	1.73e-16
 1.77680e+18	2.02e-04	1.00e+00	2.04e-16
 1.93888e+18	2.19e-04	1.00e+00	2.42e-16
 2.10744e+18	2.37e-04	1.00e+00	2.87e-16
 2.28274e+18	2.58e-04	1.00e+00	3.41e-16
 2.46505e+18	2.81e-04	1.00e+00	4.06e-16
 2.65466e+18	3.06e-04	1.00e+00	4.85e-16
 2.85185e+18	3.35e-04	1.00e+00	5.81e-16
 3.05693e+18	3.66e-04	1.00e+00	6.96e-16
 3.27021e+18	4.03e-04	1.00e+00	8.40e-16
 3.49202e+18	4.44e-04	1.00e+00	1.02e-15
 3.72271e+18	4.92e-04	1.00e+00	1.23e-15
 3.94020e+18	5.41e-04	9.99e-01	1.47e-15
 4.13250e+18	5.90e-04	9.99e-01	1.72e-15
 4.34503e+18	6.53e-04	9.99e-01	2.06e-15
 4.55669e+18	7.21e-04	9.99e-01	2.44e-15
 4.71899e+18	7.79e-04	9.99e-01	2.76e-15
 4.88176e+18	8.47e-04	9.99e-01	3.17e-15
 5.05946e+18	9.29e-04	9.99e-01	3.68e-15
 5.21673e+18	1.01e-03	9.99e-01	4.18e-15
 5.35448e+18	1.09e-03	9.99e-01	4.69e-15
 5.50665e+18	1.20e-03	9.99e-01	5.38e-15
 5.66693e+18	1.32e-03	9.99e-01	6.18e-15
 5.80005e+18	1.44e-03	9.99e-01	6.95e-15
 5.91323e+18	1.55e-03	9.98e-01	7.73e-15
 6.03817e+18	1.70e-03	9.98e-01	8.73e-15
 6.17085e+18	1.88e-03	9.98e-01	9.94e-15
 6.28191e+18	2.05e-03	9.98e-01	1.11e-14
 6.37523e+18	2.22e-03	9.98e-01	1.23e-14
 6.47715e+18	2.43e-03	9.98e-01	1.38e-14
 6.58540e+18	2.69e-03	9.97e-01	1.56e-14
 6.67584e+18	2.94e-03	9.97e-01	1.74e-14
 6.75142e+18	3.19e-03	9.97e-01	1.92e-14
 6.83373e+18	3.49e-03	9.97e-01	2.15e-14
 6.92149e+18	3.88e-03	9.96e-01	2.44e-14
 6.99524e+18	4.26e-03	9.96e-01	2.73e-14
 7.05695e+18	4.64e-03	9.95e-01	3.02e-14
 7.12406e+18	5.11e-03	9.95e-01	3.40e-14
 7.19586e+18	5.71e-03	9.94e-01	3.88e-14
 7.25656e+18	6.31e-03	9.94e-01	4.38e-14
 7.30752e+18	6.92e-03	9.93e-01	4.89e-14
 7.36302e+18	7.68e-03	9.92e-01	5.55e-14
 7.42270e+18	8.68e-03	9.91e-01	6.44e-14
 7.47369e+18	9.75e-03	9.90e-01	7.43e-14
 7.51678e+18	1.08e-02	9.89e-01	8.48e-14
 7.56372e+18	1.22e-02	9.88e-01	9.89e-14
 7.61351e+18	1.41e-02	9.86e-01	1.18e-13
 7.65450e+18	1.61e-02	9.84e-01	1.40e-13
 7.68753e+18	1.81e-02	9.82e-01	1.63e-13
 7.71773e+18	2.04e-02	9.80e-01	1.90e-13
 7.75198e+18	2.34e-02	9.77e-01	2.28e-13
 7.78852e+18	2.77e-02	9.72e-01	2.88e-13
 7.81848e+18	3.26e-02	9.67e-01	3.59e-13
 7.84193e+18	3.75e-02	9.63e-01	4.39e-13
 7.86316e+18	4.30e-02	9.57e-01	5.35e-13
 7.88749e+18	5.10e-02	9.49e-01	6.93e-13
 7.91086e+18	6.20e-02	9.38e-01	9.35e-13
 7.92653e+18	7.23e-02	9.28e-01	1.20e-12
 7.93748e+18	8.07e-02	9.19e-01	1.43e-12
 7.94877e+18	9.11e-02	9.09e-01	1.76e-12
 7.96137e+18	1.05e-01	8.95e-01	2.27e-12
 7.97273e+18	1.22e-01	8.78e-01	2.95e-12
 7.98207e+18	1.38e-01	8.62e-01	3.74e-12
 7.99016e+18	1.55e-01	8.45e-01	4.66e-12
 7.99793e+18	1.74e-01	8.26e-01	5.85e-12
 8.00554e+18	1.95e-01	8.05e-01	7.41e-12
 8.01279e+18	2.19e-01	7.81e-01	9.42e-12
 8.01952e+18	2.43e-01	7.57e-01	1.18e-11
 8.02586e+18	2.69e-01	7.31e-01	1.48e-11
 8.03196e+18	2.95e-01	7.05e-01	1.84e-11
 8.03788e+18	3.24e-01	6.76e-01	2.28e-11
 8.04370e+18	3.52e-01	6.48e-01	2.81e-11
 8.04929e+18	3.82e-01	6.18e-01	3.45e-11
 8.05469e+18	4.10e-01	5.90e-01	4.14e-11
 8.05964e+18	4.36e-01	5.64e-01	4.90e-11
 8.06410e+18	4.60e-01	5.40e-01	5.66e-11
 8.06851e+18	4.83e-01	5.17e-01	6.52e-11
 8.07299e+18	5.06e-01	4.94e-01	7.46e-11
 8.07726e+18	5.28e-01	4.72e-01	8.49e-11
 8.08051e+18	5.43e-01	4.57e-01	9.27e-11
 8.08274e+18	5.53e-01	4.47e-01	9.82e-11
 8.08505e+18	5.63e-01	4.37e-01	1.04e-10
 8.08789e+18	5.76e-01	4.24e-01	1.13e-10
 8.09093e+18	5.91e-01	4.09e-01	1.22e-10
 8.09372e+18	6.03e-01	3.97e-01	1.31e-10
 8.09634e+18	6.15e-01	3.85e-01	1.40e-10
 8.09903e+18	6.26e-01	3.74e-01	1.50e-10
 8.10186e+18	6.38e-01	3.62e-01	1.61e-10
 8.10472e+18	6.51e-01	3.49e-01	1.72e-10
 8.10748e+18	6.62e-01	3.38e-01	1.83e-10
 8.11022e+18	6.73e-01	3.27e-01	1.96e-10
 8.11300e+18	6.84e-01	3.16e-01	2.08e-10
 8.11584e+18	6.95e-01	3.05e-01	2.23e-10
 8.11868e+18	7.06e-01	2.94e-01	2.37e-10
 8.12146e+18	7.16e-01	2.84e-01	2.52e-10
 8.12424e+18	7.27e-01	2.73e-01	2.67e-10
 8.12706e+18	7.37e-01	2.63e-01	2.83e-10
 8.12991e+18	7.47e-01	2.53e-01	3.01e-10
 8.13272e+18	7.56e-01	2.44e-01	3.18e-10
 8.13553e+18	7.66e-01	2.34e-01	3.37e-10
 8.13836e+18	7.75e-01	2.25e-01	3.56e-10
 8.14118e+18	7.84e-01	2.16e-01	3.76e-10
 8.14397e+18	7.92e-01	2.08e-01	3.96e-10
 8.14679e+18	8.00e-01	2.00e-01	4.19e-10
 8.14962e+18	8.08e-01	1.92e-01	4.40e-10
 8.15242e+18	8.16e-01	1.84e-01	4.64e-10
 8.15520e+18	8.24e-01	1.76e-01	4.86e-10
 8.15796e+18	8.31e-01	1.69e-01	5.13e-10
 8.16070e+18	8.38e-01	1.62e-01	5.36e-10
 8.16342e+18	8.45e-01	1.55e-01	5.62e-10
 8.16612e+18	8.51e-01	1.49e-01	5.87e-10
 8.16879e+18	8.57e-01	1.43e-01	6.15e-10
 8.17143e+18	8.63e-01	1.37e-01	6.41e-10
 8.17406e+18	8.68e-01	1.32e-01	6.69e-10
 8.17664e+18	8.74e-01	1.26e-01	6.95e-10
 8.17919e+18	8.79e-01	1.21e-01	7.25e-10
 8.18172e+18	8.84e-01	1.16e-01	7.51e-10
 8.18425e+18	8.88e-01	1.12e-01	7.83e-10
 8.18674e+18	8.93e-01	1.07e-01	8.11e-10
 8.18921e+18	8.97e-01	1.03e-01	8.42e-10
 8.19164e+18	9.01e-01	9.89e-02	8.70e-10
 8.19404e+18	9.05e-01	9.49e-02	9.03e-10
 8.19645e+18	9.09e-01	9.13e-02	9.32e-10
 8.19884e+18	9.12e-01	8.76e-02	9.66e-10
 8.20120e+18	9.16e-01	8.41e-02	9.97e-10
 8.20354e+18	9.19e-01	8.09e-02	1.03e-09
 8.20586e+18	9.22e-01	7.78e-02	1.06e-09
 8.20816e+18	9.25e-01	7.47e-02	1.10e-09
 8.21046e+18	9.28e-01	7.19e-02	1.13e-09
 8.21274e+18	9.31e-01	6.90e-02	1.16e-09
 8.21501e+18	9.34e-01	6.64e-02	1.20e-09
 8.21726e+18	9.36e-01	6.38e-02	1.23e-09
 8.21949e+18	9.39e-01	6.14e-02	1.27e-09
 8.22170e+18	9.41e-01	5.91e-02	1.31e-09
 8.22392e+18	9.43e-01	5.68e-02	1.34e-09
 8.22613e+18	9.45e-01	5.46e-02	1.38e-09
 8.22832e+18	9.47e-01	5.26e-02	1.42e-09
 8.23049e+18	9.49e-01	5.06e-02	1.46e-09
 8.23266e+18	9.51e-01	4.87e-02	1.50e-09
 8.23482e+18	9.53e-01	4.68e-02	1.54e-09
 8.23696e+18	9.55e-01	4.51e-02	1.58e-09
 8.23911e+18	9.57e-01	4.34e-02	1.62e-09
 8.24126e+18	9.58e-01	4.18e-02	1.66e-09
 8.24339e+18	9.60e-01	4.02e-02	1.71e-09
 8.24549e+18	9.61e-01	3.87e-02	1.76e-09
 8.24759e+18	9.63e-01	3.72e-02	1.81e-09
 8.24969e+18	9.64e-01	3.59e-02	1.85e-09
 8.25181e+18	9.65e-01	3.45e-02	1.91e-09
 8.25391e+18	9.67e-01	3.32e-02	1.96e-09
 8.25598e+18	9.68e-01	3.20e-02	2.02e-09
 8.25804e+18	9.69e-01	3.08e-02	2.08e-09
 8.26011e+18	9.70e-01	2.97e-02	2.14e-09
 8.26218e+18	9.71e-01	2.86e-02	2.20e-09
 8.26424e+18	9.73e-01	2.75e-02	2.28e-09
 8.26628e+18	9.74e-01	2.65e-02	2.35e-09
 8.26832e+18	9.75e-01	2.55e-02	2.43e-09
 8.27035e+18	9.75e-01	2.45e-02	2.52e-09
 8.27237e+18	9.76e-01	2.36e-02	2.61e-09
 8.27438e+18	9.77e-01	2.27e-02	2.72e-09
 8.27638e+18	9.78e-01	2.19e-02	2.83e-09
 8.27836e+18	9.79e-01	2.11e-02	2.96e-09
 8.28033e+18	9.80e-01	2.03e-02	3.11e-09
 8.28226e+18	9.80e-01	1.95e-02	3.27e-09
