#depth	He	He+	He+2
 5.56087e+13	2.54e-04	9.53e-01	4.64e-02
 3.33652e+14	2.54e-04	9.53e-01	4.64e-02
 1.44583e+15	2.55e-04	9.54e-01	4.61e-02
 5.89452e+15	2.57e-04	9.55e-01	4.47e-02
 1.40801e+16	2.59e-04	9.56e-01	4.41e-02
 2.47214e+16	2.63e-04	9.58e-01	4.18e-02
 3.85551e+16	2.69e-04	9.62e-01	3.81e-02
 5.65389e+16	2.76e-04	9.67e-01	3.27e-02
 7.99178e+16	2.86e-04	9.74e-01	2.62e-02
 1.10310e+17	2.98e-04	9.81e-01	1.90e-02
 1.49821e+17	3.14e-04	9.87e-01	1.23e-02
 2.01184e+17	3.34e-04	9.93e-01	6.86e-03
 2.67957e+17	3.60e-04	9.96e-01	3.26e-03
 3.45933e+17	3.91e-04	9.98e-01	1.42e-03
 4.28014e+17	4.24e-04	9.99e-01	6.39e-04
 5.13378e+17	4.60e-04	9.99e-01	3.07e-04
 6.02156e+17	5.00e-04	9.99e-01	1.57e-04
 6.94486e+17	5.42e-04	9.99e-01	8.46e-05
 7.90508e+17	5.89e-04	9.99e-01	4.75e-05
 8.90372e+17	6.40e-04	9.99e-01	2.74e-05
 9.88347e+17	6.92e-04	9.99e-01	1.66e-05
 1.08718e+18	7.47e-04	9.99e-01	1.02e-05
 1.19585e+18	8.11e-04	9.99e-01	6.12e-06
 1.31193e+18	8.83e-04	9.99e-01	3.62e-06
 1.43265e+18	9.62e-04	9.99e-01	2.14e-06
 1.55820e+18	1.05e-03	9.99e-01	1.26e-06
 1.68877e+18	1.14e-03	9.99e-01	7.41e-07
 1.82457e+18	1.25e-03	9.99e-01	4.33e-07
 1.96579e+18	1.37e-03	9.99e-01	2.52e-07
 2.10624e+18	1.49e-03	9.99e-01	1.50e-07
 2.24227e+18	1.62e-03	9.98e-01	9.24e-08
 2.39015e+18	1.77e-03	9.98e-01	5.53e-08
 2.53587e+18	1.92e-03	9.98e-01	3.47e-08
 2.65689e+18	2.06e-03	9.98e-01	2.40e-08
 2.78484e+18	2.22e-03	9.98e-01	1.65e-08
 2.92638e+18	2.41e-03	9.98e-01	1.14e-08
 3.05488e+18	2.59e-03	9.97e-01	8.46e-09
 3.17035e+18	2.77e-03	9.97e-01	6.68e-09
 3.29962e+18	2.99e-03	9.97e-01	5.30e-09
 3.43732e+18	3.24e-03	9.97e-01	4.37e-09
 3.55524e+18	3.47e-03	9.97e-01	3.84e-09
 3.65919e+18	3.69e-03	9.96e-01	3.50e-09
 3.77571e+18	3.97e-03	9.96e-01	3.22e-09
 3.89951e+18	4.28e-03	9.96e-01	3.03e-09
 4.00424e+18	4.58e-03	9.95e-01	2.91e-09
 4.09449e+18	4.86e-03	9.95e-01	2.84e-09
 4.19447e+18	5.21e-03	9.95e-01	2.78e-09
 4.30055e+18	5.61e-03	9.94e-01	2.75e-09
 4.38954e+18	5.98e-03	9.94e-01	2.74e-09
 4.46499e+18	6.34e-03	9.94e-01	2.73e-09
 4.54788e+18	6.78e-03	9.93e-01	2.73e-09
 4.63604e+18	7.29e-03	9.93e-01	2.75e-09
 4.71010e+18	7.78e-03	9.92e-01	2.77e-09
 4.77251e+18	8.24e-03	9.92e-01	2.79e-09
 4.84073e+18	8.82e-03	9.91e-01	2.81e-09
 4.91355e+18	9.50e-03	9.90e-01	2.85e-09
 4.97504e+18	1.02e-02	9.90e-01	2.88e-09
 5.02683e+18	1.08e-02	9.89e-01	2.93e-09
 5.08336e+18	1.16e-02	9.88e-01	2.96e-09
 5.14398e+18	1.26e-02	9.87e-01	3.01e-09
 5.19556e+18	1.35e-02	9.86e-01	3.08e-09
 5.23921e+18	1.45e-02	9.85e-01	3.14e-09
 5.28692e+18	1.57e-02	9.84e-01	3.21e-09
 5.33845e+18	1.73e-02	9.83e-01	3.30e-09
 5.38292e+18	1.89e-02	9.81e-01	3.40e-09
 5.42051e+18	2.06e-02	9.79e-01	3.50e-09
 5.45369e+18	2.23e-02	9.78e-01	3.60e-09
 5.48442e+18	2.42e-02	9.76e-01	3.72e-09
 5.51945e+18	2.68e-02	9.73e-01	3.89e-09
 5.55720e+18	3.03e-02	9.70e-01	4.12e-09
 5.58889e+18	3.41e-02	9.66e-01	4.41e-09
 5.61401e+18	3.78e-02	9.62e-01	4.72e-09
 5.63652e+18	4.20e-02	9.58e-01	5.07e-09
 5.65712e+18	4.65e-02	9.53e-01	5.49e-09
 5.67445e+18	5.13e-02	9.49e-01	5.94e-09
 5.68925e+18	5.62e-02	9.44e-01	6.39e-09
 5.70262e+18	6.14e-02	9.39e-01	6.99e-09
 5.71509e+18	6.73e-02	9.33e-01	7.74e-09
 5.72661e+18	7.36e-02	9.26e-01	8.91e-09
 5.73711e+18	8.05e-02	9.20e-01	1.01e-08
 5.74662e+18	8.78e-02	9.12e-01	1.16e-08
 5.75516e+18	9.54e-02	9.05e-01	1.34e-08
 5.76292e+18	1.03e-01	8.97e-01	1.58e-08
 5.77019e+18	1.12e-01	8.88e-01	1.81e-08
 5.77695e+18	1.21e-01	8.79e-01	2.16e-08
 5.78317e+18	1.30e-01	8.70e-01	2.55e-08
 5.78903e+18	1.39e-01	8.61e-01	3.03e-08
 5.79459e+18	1.49e-01	8.51e-01	3.60e-08
 5.79985e+18	1.59e-01	8.41e-01	4.31e-08
 5.80477e+18	1.70e-01	8.30e-01	5.12e-08
 5.80928e+18	1.80e-01	8.20e-01	6.03e-08
 5.81327e+18	1.89e-01	8.11e-01	6.97e-08
 5.81683e+18	1.98e-01	8.02e-01	7.91e-08
 5.82020e+18	2.07e-01	7.93e-01	8.93e-08
 5.82347e+18	2.16e-01	7.84e-01	1.00e-07
 5.82659e+18	2.25e-01	7.75e-01	1.12e-07
 5.82952e+18	2.34e-01	7.66e-01	1.24e-07
 5.83234e+18	2.43e-01	7.57e-01	1.36e-07
 5.83466e+18	2.50e-01	7.50e-01	1.47e-07
 5.83631e+18	2.56e-01	7.44e-01	1.55e-07
 5.83792e+18	2.62e-01	7.38e-01	1.62e-07
 5.83981e+18	2.69e-01	7.31e-01	1.71e-07
 5.84193e+18	2.77e-01	7.23e-01	1.82e-07
 5.84405e+18	2.85e-01	7.15e-01	1.93e-07
 5.84602e+18	2.92e-01	7.08e-01	2.04e-07
 5.84797e+18	3.00e-01	7.00e-01	2.14e-07
 5.85002e+18	3.09e-01	6.91e-01	2.26e-07
 5.85215e+18	3.18e-01	6.82e-01	2.38e-07
 5.85429e+18	3.27e-01	6.73e-01	2.52e-07
 5.85643e+18	3.37e-01	6.63e-01	2.65e-07
 5.85861e+18	3.47e-01	6.53e-01	2.78e-07
 5.86079e+18	3.57e-01	6.43e-01	2.92e-07
 5.86300e+18	3.67e-01	6.33e-01	3.06e-07
 5.86526e+18	3.78e-01	6.22e-01	3.20e-07
 5.86755e+18	3.89e-01	6.11e-01	3.36e-07
 5.86985e+18	4.01e-01	5.99e-01	3.51e-07
 5.87216e+18	4.12e-01	5.88e-01	3.67e-07
 5.87451e+18	4.25e-01	5.75e-01	3.83e-07
 5.87687e+18	4.37e-01	5.63e-01	4.00e-07
 5.87924e+18	4.49e-01	5.51e-01	4.16e-07
 5.88164e+18	4.62e-01	5.38e-01	4.33e-07
 5.88407e+18	4.76e-01	5.24e-01	4.49e-07
 5.88650e+18	4.88e-01	5.12e-01	4.67e-07
 5.88891e+18	5.02e-01	4.98e-01	4.84e-07
 5.89136e+18	5.15e-01	4.85e-01	5.02e-07
 5.89382e+18	5.29e-01	4.71e-01	5.18e-07
 5.89625e+18	5.42e-01	4.58e-01	5.37e-07
 5.89865e+18	5.56e-01	4.44e-01	5.52e-07
 5.90104e+18	5.69e-01	4.31e-01	5.69e-07
 5.90344e+18	5.82e-01	4.18e-01	5.85e-07
 5.90582e+18	5.95e-01	4.05e-01	6.02e-07
 5.90815e+18	6.08e-01	3.92e-01	6.16e-07
 5.91047e+18	6.21e-01	3.79e-01	6.31e-07
 5.91280e+18	6.34e-01	3.66e-01	6.46e-07
 5.91511e+18	6.46e-01	3.54e-01	6.61e-07
 5.91736e+18	6.58e-01	3.42e-01	6.74e-07
 5.91961e+18	6.69e-01	3.31e-01	6.88e-07
 5.92186e+18	6.81e-01	3.19e-01	7.00e-07
 5.92410e+18	6.92e-01	3.08e-01	7.13e-07
 5.92631e+18	7.03e-01	2.97e-01	7.26e-07
 5.92849e+18	7.14e-01	2.86e-01	7.38e-07
 5.93064e+18	7.25e-01	2.75e-01	7.47e-07
 5.93281e+18	7.35e-01	2.65e-01	7.59e-07
 5.93497e+18	7.45e-01	2.55e-01	7.68e-07
 5.93710e+18	7.54e-01	2.46e-01	7.78e-07
 5.93922e+18	7.64e-01	2.36e-01	7.88e-07
 5.94131e+18	7.73e-01	2.27e-01	7.97e-07
 5.94339e+18	7.81e-01	2.19e-01	8.04e-07
 5.94548e+18	7.90e-01	2.10e-01	8.12e-07
 5.94755e+18	7.98e-01	2.02e-01	8.19e-07
 5.94961e+18	8.06e-01	1.94e-01	8.27e-07
 5.95164e+18	8.14e-01	1.86e-01	8.31e-07
 5.95368e+18	8.21e-01	1.79e-01	8.38e-07
 5.95570e+18	8.29e-01	1.71e-01	8.43e-07
 5.95771e+18	8.36e-01	1.64e-01	8.48e-07
 5.95971e+18	8.42e-01	1.58e-01	8.52e-07
 5.96171e+18	8.49e-01	1.51e-01	8.55e-07
 5.96369e+18	8.55e-01	1.45e-01	8.58e-07
 5.96567e+18	8.61e-01	1.39e-01	8.61e-07
 5.96764e+18	8.67e-01	1.33e-01	8.63e-07
 5.96960e+18	8.73e-01	1.27e-01	8.64e-07
 5.97156e+18	8.78e-01	1.22e-01	8.65e-07
 5.97351e+18	8.83e-01	1.17e-01	8.66e-07
 5.97545e+18	8.88e-01	1.12e-01	8.66e-07
 5.97737e+18	8.93e-01	1.07e-01	8.66e-07
 5.97929e+18	8.97e-01	1.03e-01	8.65e-07
 5.98120e+18	9.02e-01	9.82e-02	8.64e-07
 5.98310e+18	9.06e-01	9.40e-02	8.62e-07
 5.98499e+18	9.10e-01	9.00e-02	8.60e-07
 5.98687e+18	9.14e-01	8.62e-02	8.57e-07
 5.98874e+18	9.18e-01	8.25e-02	8.54e-07
 5.99060e+18	9.21e-01	7.90e-02	8.51e-07
 5.99244e+18	9.24e-01	7.56e-02	8.47e-07
 5.99427e+18	9.28e-01	7.25e-02	8.43e-07
 5.99607e+18	9.31e-01	6.95e-02	8.39e-07
 5.99784e+18	9.33e-01	6.66e-02	8.34e-07
 5.99961e+18	9.36e-01	6.39e-02	8.29e-07
 6.00135e+18	9.39e-01	6.13e-02	8.23e-07
 6.00306e+18	9.41e-01	5.89e-02	8.18e-07
 6.00473e+18	9.43e-01	5.67e-02	8.11e-07
 6.00636e+18	9.45e-01	5.46e-02	8.06e-07
