#depth	H	H+	H2
 1.55697e+14	1.47e-05	1.00e+00	1.88e-19
 9.34181e+14	1.47e-05	1.00e+00	1.89e-19
 4.04812e+15	1.47e-05	1.00e+00	1.90e-19
 1.65039e+16	1.48e-05	1.00e+00	1.93e-19
 3.94225e+16	1.50e-05	1.00e+00	2.01e-19
 6.92166e+16	1.52e-05	1.00e+00	2.10e-19
 1.07949e+17	1.55e-05	1.00e+00	2.20e-19
 1.58301e+17	1.58e-05	1.00e+00	2.31e-19
 2.23759e+17	1.61e-05	1.00e+00	2.47e-19
 3.08854e+17	1.65e-05	1.00e+00	2.68e-19
 3.94747e+17	1.70e-05	1.00e+00	2.89e-19
 4.62065e+17	1.73e-05	1.00e+00	3.09e-19
 5.29963e+17	1.77e-05	1.00e+00	3.34e-19
 6.18230e+17	1.83e-05	1.00e+00	3.68e-19
 7.32978e+17	1.91e-05	1.00e+00	4.12e-19
 8.81772e+17	2.00e-05	1.00e+00	4.65e-19
 1.07483e+18	2.12e-05	1.00e+00	5.30e-19
 1.32580e+18	2.25e-05	1.00e+00	6.07e-19
 1.64089e+18	2.42e-05	1.00e+00	7.10e-19
 1.99431e+18	2.61e-05	1.00e+00	8.32e-19
 2.28320e+18	2.77e-05	1.00e+00	9.36e-19
 2.51152e+18	2.90e-05	1.00e+00	1.03e-18
 2.76267e+18	3.04e-05	1.00e+00	1.14e-18
 3.03894e+18	3.21e-05	1.00e+00	1.27e-18
 3.34284e+18	3.40e-05	1.00e+00	1.44e-18
 3.67712e+18	3.61e-05	1.00e+00	1.63e-18
 4.04483e+18	3.86e-05	1.00e+00	1.88e-18
 4.44931e+18	4.13e-05	1.00e+00	2.17e-18
 4.89425e+18	4.45e-05	1.00e+00	2.55e-18
 5.37374e+18	4.81e-05	1.00e+00	3.00e-18
 5.87647e+18	5.20e-05	1.00e+00	3.54e-18
 6.39931e+18	5.63e-05	1.00e+00	4.19e-18
 6.94306e+18	6.09e-05	1.00e+00	4.96e-18
 7.50856e+18	6.61e-05	1.00e+00	5.89e-18
 8.09668e+18	7.17e-05	1.00e+00	7.00e-18
 8.70833e+18	7.78e-05	1.00e+00	8.34e-18
 9.34444e+18	8.47e-05	1.00e+00	9.97e-18
 1.00060e+19	9.23e-05	1.00e+00	1.19e-17
 1.06940e+19	1.01e-04	1.00e+00	1.43e-17
 1.14096e+19	1.10e-04	1.00e+00	1.73e-17
 1.21537e+19	1.21e-04	1.00e+00	2.09e-17
 1.29277e+19	1.34e-04	1.00e+00	2.54e-17
 1.37325e+19	1.48e-04	1.00e+00	3.11e-17
 1.45696e+19	1.65e-04	1.00e+00	3.82e-17
 1.54199e+19	1.85e-04	1.00e+00	4.69e-17
 1.62626e+19	2.08e-04	1.00e+00	5.78e-17
 1.71592e+19	2.36e-04	1.00e+00	7.25e-17
 1.80858e+19	2.71e-04	1.00e+00	9.16e-17
 1.89454e+19	3.11e-04	1.00e+00	1.14e-16
 1.97600e+19	3.58e-04	1.00e+00	1.43e-16
 2.05675e+19	4.16e-04	1.00e+00	1.80e-16
 2.13420e+19	4.86e-04	1.00e+00	2.26e-16
 2.20444e+19	5.69e-04	9.99e-01	2.85e-16
 2.26654e+19	6.64e-04	9.99e-01	3.53e-16
 2.32171e+19	7.71e-04	9.99e-01	4.35e-16
 2.37213e+19	8.97e-04	9.99e-01	5.35e-16
 2.41863e+19	1.05e-03	9.99e-01	6.59e-16
 2.45324e+19	1.19e-03	9.99e-01	7.79e-16
 2.47412e+19	1.29e-03	9.99e-01	8.67e-16
 2.49375e+19	1.40e-03	9.99e-01	9.69e-16
 2.51928e+19	1.56e-03	9.98e-01	1.12e-15
 2.54449e+19	1.76e-03	9.98e-01	1.31e-15
 2.56278e+19	1.93e-03	9.98e-01	1.48e-15
 2.57706e+19	2.09e-03	9.98e-01	1.64e-15
 2.59264e+19	2.28e-03	9.98e-01	1.85e-15
 2.60968e+19	2.53e-03	9.97e-01	2.11e-15
 2.62446e+19	2.78e-03	9.97e-01	2.39e-15
 2.63660e+19	3.02e-03	9.97e-01	2.66e-15
 2.64777e+19	3.27e-03	9.97e-01	2.96e-15
 2.66054e+19	3.61e-03	9.96e-01	3.37e-15
 2.67367e+19	4.02e-03	9.96e-01	3.88e-15
 2.68395e+19	4.40e-03	9.96e-01	4.37e-15
 2.69224e+19	4.75e-03	9.95e-01	4.83e-15
 2.70125e+19	5.20e-03	9.95e-01	5.45e-15
 2.71099e+19	5.76e-03	9.94e-01	6.24e-15
 2.71932e+19	6.32e-03	9.94e-01	7.07e-15
 2.72621e+19	6.87e-03	9.93e-01	7.90e-15
 2.73361e+19	7.55e-03	9.92e-01	8.98e-15
 2.74150e+19	8.41e-03	9.92e-01	1.04e-14
 2.74809e+19	9.27e-03	9.91e-01	1.18e-14
 2.75357e+19	1.01e-02	9.90e-01	1.33e-14
 2.75951e+19	1.12e-02	9.89e-01	1.53e-14
 2.76591e+19	1.25e-02	9.87e-01	1.80e-14
 2.77137e+19	1.40e-02	9.86e-01	2.10e-14
 2.77589e+19	1.54e-02	9.85e-01	2.41e-14
 2.78006e+19	1.69e-02	9.83e-01	2.76e-14
 2.78485e+19	1.90e-02	9.81e-01	3.27e-14
 2.78981e+19	2.16e-02	9.78e-01	3.97e-14
 2.79372e+19	2.42e-02	9.76e-01	4.72e-14
 2.79683e+19	2.67e-02	9.73e-01	5.47e-14
 2.80018e+19	2.97e-02	9.70e-01	6.49e-14
 2.80388e+19	3.39e-02	9.66e-01	8.01e-14
 2.80714e+19	3.85e-02	9.62e-01	9.85e-14
 2.80984e+19	4.30e-02	9.57e-01	1.18e-13
 2.81270e+19	4.87e-02	9.51e-01	1.47e-13
 2.81580e+19	5.64e-02	9.44e-01	1.89e-13
 2.81848e+19	6.49e-02	9.35e-01	2.43e-13
 2.82074e+19	7.31e-02	9.27e-01	3.03e-13
 2.82268e+19	8.16e-02	9.18e-01	3.73e-13
 2.82434e+19	9.00e-02	9.10e-01	4.50e-13
 2.82590e+19	9.89e-02	9.01e-01	5.41e-13
 2.82744e+19	1.09e-01	8.91e-01	6.56e-13
 2.82893e+19	1.20e-01	8.80e-01	7.98e-13
 2.83034e+19	1.31e-01	8.69e-01	9.61e-13
 2.83167e+19	1.44e-01	8.56e-01	1.16e-12
 2.83295e+19	1.57e-01	8.43e-01	1.41e-12
 2.83416e+19	1.70e-01	8.30e-01	1.68e-12
 2.83550e+19	1.87e-01	8.13e-01	2.08e-12
 2.83689e+19	2.06e-01	7.94e-01	2.61e-12
 2.83801e+19	2.23e-01	7.77e-01	3.14e-12
 2.83898e+19	2.39e-01	7.61e-01	3.69e-12
 2.84009e+19	2.59e-01	7.41e-01	4.48e-12
 2.84130e+19	2.82e-01	7.18e-01	5.56e-12
 2.84236e+19	3.05e-01	6.95e-01	6.74e-12
 2.84330e+19	3.25e-01	6.75e-01	7.95e-12
 2.84435e+19	3.49e-01	6.51e-01	9.69e-12
 2.84549e+19	3.79e-01	6.21e-01	1.20e-11
 2.84652e+19	4.06e-01	5.94e-01	1.47e-11
 2.84744e+19	4.31e-01	5.69e-01	1.74e-11
 2.84835e+19	4.56e-01	5.44e-01	2.06e-11
 2.84922e+19	4.82e-01	5.18e-01	2.43e-11
 2.85002e+19	5.05e-01	4.95e-01	2.82e-11
 2.85075e+19	5.26e-01	4.74e-01	3.22e-11
 2.85131e+19	5.42e-01	4.58e-01	3.55e-11
 2.85169e+19	5.52e-01	4.48e-01	3.78e-11
 2.85208e+19	5.63e-01	4.37e-01	4.03e-11
 2.85256e+19	5.77e-01	4.23e-01	4.40e-11
 2.85305e+19	5.92e-01	4.08e-01	4.81e-11
 2.85346e+19	6.04e-01	3.96e-01	5.16e-11
 2.85384e+19	6.15e-01	3.85e-01	5.50e-11
 2.85425e+19	6.28e-01	3.72e-01	5.92e-11
 2.85468e+19	6.40e-01	3.60e-01	6.36e-11
 2.85509e+19	6.53e-01	3.47e-01	6.83e-11
 2.85548e+19	6.64e-01	3.36e-01	7.27e-11
 2.85586e+19	6.75e-01	3.25e-01	7.76e-11
 2.85626e+19	6.86e-01	3.14e-01	8.27e-11
 2.85665e+19	6.98e-01	3.02e-01	8.85e-11
 2.85704e+19	7.08e-01	2.92e-01	9.39e-11
 2.85741e+19	7.19e-01	2.81e-01	9.96e-11
 2.85779e+19	7.29e-01	2.71e-01	1.06e-10
 2.85818e+19	7.39e-01	2.61e-01	1.12e-10
 2.85855e+19	7.49e-01	2.51e-01	1.19e-10
 2.85892e+19	7.59e-01	2.41e-01	1.25e-10
 2.85928e+19	7.68e-01	2.32e-01	1.32e-10
 2.85966e+19	7.77e-01	2.23e-01	1.40e-10
 2.86003e+19	7.86e-01	2.14e-01	1.47e-10
 2.86039e+19	7.94e-01	2.06e-01	1.54e-10
 2.86074e+19	8.02e-01	1.98e-01	1.61e-10
 2.86111e+19	8.11e-01	1.89e-01	1.70e-10
 2.86148e+19	8.19e-01	1.81e-01	1.78e-10
 2.86183e+19	8.26e-01	1.74e-01	1.86e-10
 2.86217e+19	8.33e-01	1.67e-01	1.94e-10
 2.86252e+19	8.40e-01	1.60e-01	2.03e-10
 2.86287e+19	8.47e-01	1.53e-01	2.12e-10
 2.86321e+19	8.53e-01	1.47e-01	2.20e-10
 2.86354e+19	8.59e-01	1.41e-01	2.29e-10
 2.86386e+19	8.65e-01	1.35e-01	2.37e-10
 2.86419e+19	8.70e-01	1.30e-01	2.46e-10
 2.86452e+19	8.76e-01	1.24e-01	2.55e-10
 2.86483e+19	8.81e-01	1.19e-01	2.64e-10
 2.86514e+19	8.85e-01	1.15e-01	2.72e-10
 2.86545e+19	8.90e-01	1.10e-01	2.82e-10
 2.86576e+19	8.95e-01	1.05e-01	2.90e-10
 2.86606e+19	8.99e-01	1.01e-01	2.99e-10
 2.86635e+19	9.03e-01	9.74e-02	3.08e-10
 2.86664e+19	9.06e-01	9.36e-02	3.17e-10
 2.86694e+19	9.10e-01	8.99e-02	3.25e-10
 2.86723e+19	9.14e-01	8.62e-02	3.35e-10
 2.86751e+19	9.17e-01	8.29e-02	3.43e-10
 2.86779e+19	9.20e-01	7.97e-02	3.52e-10
 2.86807e+19	9.23e-01	7.66e-02	3.61e-10
 2.86835e+19	9.26e-01	7.36e-02	3.70e-10
 2.86863e+19	9.29e-01	7.08e-02	3.78e-10
 2.86890e+19	9.32e-01	6.81e-02	3.87e-10
 2.86917e+19	9.34e-01	6.55e-02	3.95e-10
 2.86944e+19	9.37e-01	6.29e-02	4.05e-10
 2.86971e+19	9.39e-01	6.06e-02	4.13e-10
 2.86997e+19	9.42e-01	5.82e-02	4.22e-10
 2.87023e+19	9.44e-01	5.61e-02	4.29e-10
 2.87049e+19	9.46e-01	5.39e-02	4.39e-10
 2.87076e+19	9.48e-01	5.19e-02	4.47e-10
 2.87101e+19	9.50e-01	4.99e-02	4.56e-10
 2.87127e+19	9.52e-01	4.81e-02	4.64e-10
 2.87152e+19	9.54e-01	4.63e-02	4.73e-10
 2.87178e+19	9.55e-01	4.46e-02	4.80e-10
 2.87203e+19	9.57e-01	4.28e-02	4.90e-10
 2.87228e+19	9.59e-01	4.13e-02	4.97e-10
 2.87253e+19	9.60e-01	3.98e-02	5.06e-10
 2.87278e+19	9.62e-01	3.83e-02	5.13e-10
 2.87303e+19	9.63e-01	3.68e-02	5.23e-10
 2.87328e+19	9.64e-01	3.55e-02	5.30e-10
 2.87353e+19	9.66e-01	3.42e-02	5.38e-10
 2.87377e+19	9.67e-01	3.30e-02	5.46e-10
 2.87402e+19	9.68e-01	3.17e-02	5.55e-10
 2.87426e+19	9.69e-01	3.06e-02	5.62e-10
 2.87450e+19	9.71e-01	2.94e-02	5.70e-10
 2.87474e+19	9.72e-01	2.84e-02	5.77e-10
 2.87499e+19	9.73e-01	2.74e-02	5.86e-10
 2.87523e+19	9.74e-01	2.64e-02	5.93e-10
 2.87547e+19	9.75e-01	2.54e-02	6.02e-10
 2.87571e+19	9.76e-01	2.45e-02	6.09e-10
 2.87595e+19	9.76e-01	2.36e-02	6.17e-10
 2.87619e+19	9.77e-01	2.27e-02	6.24e-10
 2.87643e+19	9.78e-01	2.19e-02	6.32e-10
 2.87667e+19	9.79e-01	2.11e-02	6.39e-10
 2.87690e+19	9.80e-01	2.04e-02	6.47e-10
 2.87714e+19	9.80e-01	1.96e-02	6.55e-10
