#depth	O	O+	O+2	O+3	O+4	O+5	O+6	O+7	O+8	O[1]	O[2]	O[3]
 4.83000e+13	1.40e-05	9.34e-02	9.06e-01	2.92e-04	0.00e+00	0.00e+00	0.00e+00	0.00e+00	0.00e+00	1.37e-05	1.10e-07	1.26e-07
 2.89800e+14	1.40e-05	9.34e-02	9.06e-01	2.91e-04	0.00e+00	0.00e+00	0.00e+00	0.00e+00	0.00e+00	1.37e-05	1.10e-07	1.26e-07
 1.25580e+15	1.40e-05	9.36e-02	9.06e-01	2.85e-04	0.00e+00	0.00e+00	0.00e+00	0.00e+00	0.00e+00	1.38e-05	1.11e-07	1.27e-07
 5.11980e+15	1.44e-05	9.46e-02	9.05e-01	2.66e-04	0.00e+00	0.00e+00	0.00e+00	0.00e+00	0.00e+00	1.42e-05	1.14e-07	1.31e-07
 1.22296e+16	1.50e-05	9.64e-02	9.03e-01	2.38e-04	0.00e+00	0.00e+00	0.00e+00	0.00e+00	0.00e+00	1.48e-05	1.19e-07	1.36e-07
 2.14723e+16	1.59e-05	9.87e-02	9.01e-01	2.06e-04	0.00e+00	0.00e+00	0.00e+00	0.00e+00	0.00e+00	1.57e-05	1.25e-07	1.43e-07
 3.34878e+16	1.71e-05	1.02e-01	8.98e-01	1.70e-04	0.00e+00	0.00e+00	0.00e+00	0.00e+00	0.00e+00	1.69e-05	1.33e-07	1.53e-07
 4.91079e+16	1.88e-05	1.06e-01	8.94e-01	1.33e-04	0.00e+00	0.00e+00	0.00e+00	0.00e+00	0.00e+00	1.85e-05	1.45e-07	1.67e-07
 6.94141e+16	2.13e-05	1.12e-01	8.88e-01	9.54e-05	0.00e+00	0.00e+00	0.00e+00	0.00e+00	0.00e+00	2.09e-05	1.62e-07	1.86e-07
 9.58122e+16	2.48e-05	1.19e-01	8.80e-01	6.21e-05	0.00e+00	0.00e+00	0.00e+00	0.00e+00	0.00e+00	2.44e-05	1.86e-07	2.15e-07
 1.27336e+17	2.96e-05	1.29e-01	8.71e-01	3.72e-05	0.00e+00	0.00e+00	0.00e+00	0.00e+00	0.00e+00	2.91e-05	2.19e-07	2.53e-07
 1.61208e+17	3.55e-05	1.39e-01	8.61e-01	2.15e-05	0.00e+00	0.00e+00	0.00e+00	0.00e+00	0.00e+00	3.49e-05	2.59e-07	3.00e-07
 1.96434e+17	4.26e-05	1.51e-01	8.49e-01	1.22e-05	0.00e+00	0.00e+00	0.00e+00	0.00e+00	0.00e+00	4.19e-05	3.07e-07	3.55e-07
 2.33069e+17	5.11e-05	1.63e-01	8.37e-01	6.79e-06	0.00e+00	0.00e+00	0.00e+00	0.00e+00	0.00e+00	5.03e-05	3.65e-07	4.21e-07
 2.71170e+17	6.14e-05	1.76e-01	8.24e-01	3.72e-06	0.00e+00	0.00e+00	0.00e+00	0.00e+00	0.00e+00	6.05e-05	4.33e-07	5.00e-07
 3.10795e+17	7.38e-05	1.90e-01	8.10e-01	2.01e-06	0.00e+00	0.00e+00	0.00e+00	0.00e+00	0.00e+00	7.27e-05	5.14e-07	5.94e-07
 3.52005e+17	8.86e-05	2.05e-01	7.95e-01	1.07e-06	0.00e+00	0.00e+00	0.00e+00	0.00e+00	0.00e+00	8.73e-05	6.12e-07	7.05e-07
 3.94863e+17	1.06e-04	2.22e-01	7.78e-01	5.67e-07	0.00e+00	0.00e+00	0.00e+00	0.00e+00	0.00e+00	1.05e-04	7.28e-07	8.38e-07
 4.39435e+17	1.28e-04	2.39e-01	7.61e-01	2.96e-07	0.00e+00	0.00e+00	0.00e+00	0.00e+00	0.00e+00	1.26e-04	8.66e-07	9.97e-07
 4.85791e+17	1.53e-04	2.58e-01	7.42e-01	1.54e-07	0.00e+00	0.00e+00	0.00e+00	0.00e+00	0.00e+00	1.51e-04	1.03e-06	1.19e-06
 5.34000e+17	1.84e-04	2.78e-01	7.22e-01	0.00e+00	0.00e+00	0.00e+00	0.00e+00	0.00e+00	0.00e+00	1.82e-04	1.23e-06	1.41e-06
 5.83045e+17	2.20e-04	2.99e-01	7.01e-01	0.00e+00	0.00e+00	0.00e+00	0.00e+00	0.00e+00	0.00e+00	2.17e-04	1.46e-06	1.68e-06
 6.34051e+17	2.64e-04	3.21e-01	6.78e-01	0.00e+00	0.00e+00	0.00e+00	0.00e+00	0.00e+00	0.00e+00	2.60e-04	1.74e-06	1.99e-06
 6.86868e+17	3.16e-04	3.45e-01	6.55e-01	0.00e+00	0.00e+00	0.00e+00	0.00e+00	0.00e+00	0.00e+00	3.11e-04	2.06e-06	2.37e-06
 7.39003e+17	3.74e-04	3.69e-01	6.31e-01	0.00e+00	0.00e+00	0.00e+00	0.00e+00	0.00e+00	0.00e+00	3.69e-04	2.43e-06	2.79e-06
 7.94545e+17	4.47e-04	3.95e-01	6.05e-01	0.00e+00	0.00e+00	0.00e+00	0.00e+00	0.00e+00	0.00e+00	4.41e-04	2.89e-06	3.32e-06
 8.52823e+17	5.36e-04	4.23e-01	5.76e-01	0.00e+00	0.00e+00	0.00e+00	0.00e+00	0.00e+00	0.00e+00	5.29e-04	3.45e-06	3.95e-06
 9.08303e+17	6.32e-04	4.50e-01	5.49e-01	0.00e+00	0.00e+00	0.00e+00	0.00e+00	0.00e+00	0.00e+00	6.23e-04	4.05e-06	4.65e-06
 9.68286e+17	7.55e-04	4.80e-01	5.19e-01	0.00e+00	0.00e+00	0.00e+00	0.00e+00	0.00e+00	0.00e+00	7.45e-04	4.83e-06	5.54e-06
 1.03084e+18	9.03e-04	5.12e-01	4.87e-01	0.00e+00	0.00e+00	0.00e+00	0.00e+00	0.00e+00	0.00e+00	8.91e-04	5.76e-06	6.61e-06
 1.08573e+18	1.05e-03	5.40e-01	4.59e-01	0.00e+00	0.00e+00	0.00e+00	0.00e+00	0.00e+00	0.00e+00	1.04e-03	6.71e-06	7.70e-06
 1.13653e+18	1.21e-03	5.66e-01	4.33e-01	0.00e+00	0.00e+00	0.00e+00	0.00e+00	0.00e+00	0.00e+00	1.20e-03	7.73e-06	8.88e-06
 1.19490e+18	1.43e-03	5.97e-01	4.02e-01	0.00e+00	0.00e+00	0.00e+00	0.00e+00	0.00e+00	0.00e+00	1.41e-03	9.12e-06	1.05e-05
 1.25780e+18	1.71e-03	6.30e-01	3.68e-01	0.00e+00	0.00e+00	0.00e+00	0.00e+00	0.00e+00	0.00e+00	1.68e-03	1.09e-05	1.25e-05
 1.31267e+18	1.99e-03	6.60e-01	3.38e-01	0.00e+00	0.00e+00	0.00e+00	0.00e+00	0.00e+00	0.00e+00	1.96e-03	1.27e-05	1.46e-05
 1.36134e+18	2.29e-03	6.86e-01	3.12e-01	0.00e+00	0.00e+00	0.00e+00	0.00e+00	0.00e+00	0.00e+00	2.25e-03	1.45e-05	1.68e-05
 1.41586e+18	2.68e-03	7.16e-01	2.82e-01	0.00e+00	0.00e+00	0.00e+00	0.00e+00	0.00e+00	0.00e+00	2.64e-03	1.71e-05	1.97e-05
 1.47425e+18	3.18e-03	7.47e-01	2.50e-01	0.00e+00	0.00e+00	0.00e+00	0.00e+00	0.00e+00	0.00e+00	3.14e-03	2.03e-05	2.34e-05
 1.52422e+18	3.70e-03	7.74e-01	2.23e-01	0.00e+00	0.00e+00	0.00e+00	0.00e+00	0.00e+00	0.00e+00	3.65e-03	2.36e-05	2.72e-05
 1.56723e+18	4.24e-03	7.96e-01	1.99e-01	0.00e+00	0.00e+00	0.00e+00	0.00e+00	0.00e+00	0.00e+00	4.18e-03	2.70e-05	3.11e-05
 1.61466e+18	4.95e-03	8.21e-01	1.74e-01	0.00e+00	0.00e+00	0.00e+00	0.00e+00	0.00e+00	0.00e+00	4.88e-03	3.16e-05	3.64e-05
 1.66508e+18	5.87e-03	8.46e-01	1.48e-01	0.00e+00	0.00e+00	0.00e+00	0.00e+00	0.00e+00	0.00e+00	5.79e-03	3.76e-05	4.32e-05
 1.70729e+18	6.83e-03	8.67e-01	1.26e-01	0.00e+00	0.00e+00	0.00e+00	0.00e+00	0.00e+00	0.00e+00	6.74e-03	4.38e-05	5.03e-05
 1.74253e+18	7.81e-03	8.83e-01	1.09e-01	0.00e+00	0.00e+00	0.00e+00	0.00e+00	0.00e+00	0.00e+00	7.70e-03	5.01e-05	5.75e-05
 1.78078e+18	9.10e-03	9.00e-01	9.13e-02	0.00e+00	0.00e+00	0.00e+00	0.00e+00	0.00e+00	0.00e+00	8.98e-03	5.85e-05	6.71e-05
 1.81706e+18	1.06e-02	9.14e-01	7.53e-02	0.00e+00	0.00e+00	0.00e+00	0.00e+00	0.00e+00	0.00e+00	1.05e-02	6.84e-05	7.83e-05
 1.84198e+18	1.19e-02	9.23e-01	6.48e-02	0.00e+00	0.00e+00	0.00e+00	0.00e+00	0.00e+00	0.00e+00	1.17e-02	7.67e-05	8.78e-05
 1.86216e+18	1.31e-02	9.30e-01	5.68e-02	0.00e+00	0.00e+00	0.00e+00	0.00e+00	0.00e+00	0.00e+00	1.29e-02	8.45e-05	9.67e-05
 1.88499e+18	1.47e-02	9.37e-01	4.82e-02	0.00e+00	0.00e+00	0.00e+00	0.00e+00	0.00e+00	0.00e+00	1.45e-02	9.49e-05	1.09e-04
 1.91467e+18	1.72e-02	9.45e-01	3.80e-02	0.00e+00	0.00e+00	0.00e+00	0.00e+00	0.00e+00	0.00e+00	1.69e-02	1.11e-04	1.27e-04
 1.94444e+18	2.04e-02	9.51e-01	2.88e-02	0.00e+00	0.00e+00	0.00e+00	0.00e+00	0.00e+00	0.00e+00	2.01e-02	1.32e-04	1.51e-04
 1.96677e+18	2.35e-02	9.54e-01	2.25e-02	0.00e+00	0.00e+00	0.00e+00	0.00e+00	0.00e+00	0.00e+00	2.32e-02	1.53e-04	1.74e-04
 1.98399e+18	2.65e-02	9.55e-01	1.81e-02	0.00e+00	0.00e+00	0.00e+00	0.00e+00	0.00e+00	0.00e+00	2.61e-02	1.72e-04	1.96e-04
 1.99901e+18	2.95e-02	9.56e-01	1.47e-02	0.00e+00	0.00e+00	0.00e+00	0.00e+00	0.00e+00	0.00e+00	2.91e-02	1.91e-04	2.18e-04
 2.01297e+18	3.29e-02	9.55e-01	1.19e-02	0.00e+00	0.00e+00	0.00e+00	0.00e+00	0.00e+00	0.00e+00	3.24e-02	2.13e-04	2.43e-04
 2.02610e+18	3.67e-02	9.54e-01	9.43e-03	0.00e+00	0.00e+00	0.00e+00	0.00e+00	0.00e+00	0.00e+00	3.62e-02	2.38e-04	2.71e-04
 2.03877e+18	4.11e-02	9.52e-01	7.37e-03	0.00e+00	0.00e+00	0.00e+00	0.00e+00	0.00e+00	0.00e+00	4.05e-02	2.65e-04	3.02e-04
 2.05107e+18	4.61e-02	9.48e-01	5.63e-03	0.00e+00	0.00e+00	0.00e+00	0.00e+00	0.00e+00	0.00e+00	4.55e-02	2.98e-04	3.39e-04
 2.06237e+18	5.18e-02	9.44e-01	4.26e-03	0.00e+00	0.00e+00	0.00e+00	0.00e+00	0.00e+00	0.00e+00	5.10e-02	3.33e-04	3.79e-04
 2.07244e+18	5.77e-02	9.39e-01	3.22e-03	0.00e+00	0.00e+00	0.00e+00	0.00e+00	0.00e+00	0.00e+00	5.69e-02	3.70e-04	4.21e-04
 2.08168e+18	6.43e-02	9.33e-01	2.42e-03	0.00e+00	0.00e+00	0.00e+00	0.00e+00	0.00e+00	0.00e+00	6.34e-02	4.10e-04	4.67e-04
 2.09061e+18	7.16e-02	9.27e-01	1.79e-03	0.00e+00	0.00e+00	0.00e+00	0.00e+00	0.00e+00	0.00e+00	7.06e-02	4.55e-04	5.17e-04
 2.10082e+18	8.20e-02	9.17e-01	1.23e-03	0.00e+00	0.00e+00	0.00e+00	0.00e+00	0.00e+00	0.00e+00	8.08e-02	5.16e-04	5.88e-04
 2.11149e+18	9.59e-02	9.03e-01	7.92e-04	0.00e+00	0.00e+00	0.00e+00	0.00e+00	0.00e+00	0.00e+00	9.47e-02	5.98e-04	6.81e-04
 2.12032e+18	1.11e-01	8.88e-01	5.30e-04	0.00e+00	0.00e+00	0.00e+00	0.00e+00	0.00e+00	0.00e+00	1.10e-01	6.85e-04	7.79e-04
 2.12801e+18	1.28e-01	8.72e-01	3.64e-04	0.00e+00	0.00e+00	0.00e+00	0.00e+00	0.00e+00	0.00e+00	1.26e-01	7.77e-04	8.84e-04
 2.13550e+18	1.48e-01	8.52e-01	2.46e-04	0.00e+00	0.00e+00	0.00e+00	0.00e+00	0.00e+00	0.00e+00	1.46e-01	8.85e-04	1.01e-03
 2.14262e+18	1.73e-01	8.27e-01	1.65e-04	0.00e+00	0.00e+00	0.00e+00	0.00e+00	0.00e+00	0.00e+00	1.71e-01	1.01e-03	1.15e-03
 2.14903e+18	2.01e-01	7.99e-01	1.12e-04	0.00e+00	0.00e+00	0.00e+00	0.00e+00	0.00e+00	0.00e+00	1.99e-01	1.15e-03	1.31e-03
 2.15467e+18	2.33e-01	7.67e-01	7.76e-05	0.00e+00	0.00e+00	0.00e+00	0.00e+00	0.00e+00	0.00e+00	2.30e-01	1.29e-03	1.47e-03
 2.15977e+18	2.67e-01	7.33e-01	5.44e-05	0.00e+00	0.00e+00	0.00e+00	0.00e+00	0.00e+00	0.00e+00	2.64e-01	1.43e-03	1.63e-03
 2.16454e+18	3.07e-01	6.93e-01	3.81e-05	0.00e+00	0.00e+00	0.00e+00	0.00e+00	0.00e+00	0.00e+00	3.03e-01	1.57e-03	1.80e-03
 2.16879e+18	3.48e-01	6.52e-01	2.71e-05	0.00e+00	0.00e+00	0.00e+00	0.00e+00	0.00e+00	0.00e+00	3.45e-01	1.71e-03	1.95e-03
 2.17211e+18	3.86e-01	6.14e-01	2.04e-05	0.00e+00	0.00e+00	0.00e+00	0.00e+00	0.00e+00	0.00e+00	3.82e-01	1.81e-03	2.07e-03
 2.17455e+18	4.17e-01	5.83e-01	1.64e-05	0.00e+00	0.00e+00	0.00e+00	0.00e+00	0.00e+00	0.00e+00	4.13e-01	1.88e-03	2.15e-03
 2.17653e+18	4.43e-01	5.57e-01	1.37e-05	0.00e+00	0.00e+00	0.00e+00	0.00e+00	0.00e+00	0.00e+00	4.39e-01	1.93e-03	2.21e-03
 2.17838e+18	4.69e-01	5.31e-01	1.15e-05	0.00e+00	0.00e+00	0.00e+00	0.00e+00	0.00e+00	0.00e+00	4.65e-01	1.97e-03	2.26e-03
 2.18018e+18	4.95e-01	5.05e-01	9.61e-06	0.00e+00	0.00e+00	0.00e+00	0.00e+00	0.00e+00	0.00e+00	4.91e-01	2.00e-03	2.30e-03
 2.18184e+18	5.19e-01	4.81e-01	8.15e-06	0.00e+00	0.00e+00	0.00e+00	0.00e+00	0.00e+00	0.00e+00	5.15e-01	2.02e-03	2.32e-03
 2.18329e+18	5.41e-01	4.59e-01	7.03e-06	0.00e+00	0.00e+00	0.00e+00	0.00e+00	0.00e+00	0.00e+00	5.37e-01	2.04e-03	2.34e-03
 2.18457e+18	5.61e-01	4.39e-01	6.14e-06	0.00e+00	0.00e+00	0.00e+00	0.00e+00	0.00e+00	0.00e+00	5.57e-01	2.04e-03	2.35e-03
 2.18581e+18	5.81e-01	4.19e-01	5.39e-06	0.00e+00	0.00e+00	0.00e+00	0.00e+00	0.00e+00	0.00e+00	5.76e-01	2.04e-03	2.35e-03
 2.18702e+18	6.00e-01	4.00e-01	4.73e-06	0.00e+00	0.00e+00	0.00e+00	0.00e+00	0.00e+00	0.00e+00	5.96e-01	2.04e-03	2.34e-03
 2.18799e+18	6.15e-01	3.85e-01	4.27e-06	0.00e+00	0.00e+00	0.00e+00	0.00e+00	0.00e+00	0.00e+00	6.10e-01	2.03e-03	2.34e-03
 2.18869e+18	6.26e-01	3.74e-01	3.96e-06	0.00e+00	0.00e+00	0.00e+00	0.00e+00	0.00e+00	0.00e+00	6.21e-01	2.03e-03	2.33e-03
 2.18936e+18	6.36e-01	3.64e-01	3.67e-06	0.00e+00	0.00e+00	0.00e+00	0.00e+00	0.00e+00	0.00e+00	6.32e-01	2.02e-03	2.32e-03
 2.19012e+18	6.48e-01	3.52e-01	3.37e-06	0.00e+00	0.00e+00	0.00e+00	0.00e+00	0.00e+00	0.00e+00	6.44e-01	2.01e-03	2.31e-03
 2.19093e+18	6.61e-01	3.39e-01	3.08e-06	0.00e+00	0.00e+00	0.00e+00	0.00e+00	0.00e+00	0.00e+00	6.57e-01	1.99e-03	2.29e-03
 2.19169e+18	6.72e-01	3.28e-01	2.83e-06	0.00e+00	0.00e+00	0.00e+00	0.00e+00	0.00e+00	0.00e+00	6.68e-01	1.98e-03	2.27e-03
 2.19243e+18	6.84e-01	3.16e-01	2.60e-06	0.00e+00	0.00e+00	0.00e+00	0.00e+00	0.00e+00	0.00e+00	6.80e-01	1.96e-03	2.26e-03
 2.19315e+18	6.94e-01	3.06e-01	2.39e-06	0.00e+00	0.00e+00	0.00e+00	0.00e+00	0.00e+00	0.00e+00	6.90e-01	1.94e-03	2.24e-03
 2.19388e+18	7.06e-01	2.94e-01	2.20e-06	0.00e+00	0.00e+00	0.00e+00	0.00e+00	0.00e+00	0.00e+00	7.02e-01	1.92e-03	2.21e-03
 2.19461e+18	7.16e-01	2.84e-01	2.02e-06	0.00e+00	0.00e+00	0.00e+00	0.00e+00	0.00e+00	0.00e+00	7.12e-01	1.90e-03	2.19e-03
 2.19533e+18	7.27e-01	2.73e-01	1.86e-06	0.00e+00	0.00e+00	0.00e+00	0.00e+00	0.00e+00	0.00e+00	7.23e-01	1.88e-03	2.16e-03
 2.19606e+18	7.37e-01	2.63e-01	1.71e-06	0.00e+00	0.00e+00	0.00e+00	0.00e+00	0.00e+00	0.00e+00	7.33e-01	1.86e-03	2.14e-03
 2.19676e+18	7.47e-01	2.53e-01	1.57e-06	0.00e+00	0.00e+00	0.00e+00	0.00e+00	0.00e+00	0.00e+00	7.43e-01	1.84e-03	2.11e-03
 2.19746e+18	7.56e-01	2.44e-01	1.45e-06	0.00e+00	0.00e+00	0.00e+00	0.00e+00	0.00e+00	0.00e+00	7.53e-01	1.81e-03	2.08e-03
 2.19816e+18	7.66e-01	2.34e-01	1.33e-06	0.00e+00	0.00e+00	0.00e+00	0.00e+00	0.00e+00	0.00e+00	7.62e-01	1.79e-03	2.05e-03
 2.19886e+18	7.75e-01	2.25e-01	1.23e-06	0.00e+00	0.00e+00	0.00e+00	0.00e+00	0.00e+00	0.00e+00	7.71e-01	1.76e-03	2.02e-03
 2.19956e+18	7.84e-01	2.16e-01	1.13e-06	0.00e+00	0.00e+00	0.00e+00	0.00e+00	0.00e+00	0.00e+00	7.80e-01	1.73e-03	1.99e-03
 2.20024e+18	7.92e-01	2.08e-01	1.04e-06	0.00e+00	0.00e+00	0.00e+00	0.00e+00	0.00e+00	0.00e+00	7.89e-01	1.71e-03	1.95e-03
 2.20093e+18	8.01e-01	1.99e-01	9.56e-07	0.00e+00	0.00e+00	0.00e+00	0.00e+00	0.00e+00	0.00e+00	7.97e-01	1.68e-03	1.91e-03
 2.20161e+18	8.09e-01	1.91e-01	8.82e-07	0.00e+00	0.00e+00	0.00e+00	0.00e+00	0.00e+00	0.00e+00	8.05e-01	1.65e-03	1.88e-03
 2.20228e+18	8.17e-01	1.83e-01	8.13e-07	0.00e+00	0.00e+00	0.00e+00	0.00e+00	0.00e+00	0.00e+00	8.13e-01	1.62e-03	1.84e-03
 2.20294e+18	8.24e-01	1.76e-01	7.52e-07	0.00e+00	0.00e+00	0.00e+00	0.00e+00	0.00e+00	0.00e+00	8.21e-01	1.59e-03	1.80e-03
 2.20359e+18	8.31e-01	1.69e-01	6.95e-07	0.00e+00	0.00e+00	0.00e+00	0.00e+00	0.00e+00	0.00e+00	8.28e-01	1.56e-03	1.77e-03
 2.20423e+18	8.38e-01	1.62e-01	6.43e-07	0.00e+00	0.00e+00	0.00e+00	0.00e+00	0.00e+00	0.00e+00	8.35e-01	1.54e-03	1.73e-03
 2.20488e+18	8.45e-01	1.55e-01	5.94e-07	0.00e+00	0.00e+00	0.00e+00	0.00e+00	0.00e+00	0.00e+00	8.42e-01	1.51e-03	1.70e-03
 2.20552e+18	8.51e-01	1.49e-01	5.50e-07	0.00e+00	0.00e+00	0.00e+00	0.00e+00	0.00e+00	0.00e+00	8.48e-01	1.48e-03	1.66e-03
 2.20615e+18	8.57e-01	1.43e-01	5.10e-07	0.00e+00	0.00e+00	0.00e+00	0.00e+00	0.00e+00	0.00e+00	8.54e-01	1.45e-03	1.63e-03
 2.20676e+18	8.63e-01	1.37e-01	4.74e-07	0.00e+00	0.00e+00	0.00e+00	0.00e+00	0.00e+00	0.00e+00	8.60e-01	1.43e-03	1.59e-03
 2.20737e+18	8.69e-01	1.31e-01	4.40e-07	0.00e+00	0.00e+00	0.00e+00	0.00e+00	0.00e+00	0.00e+00	8.66e-01	1.40e-03	1.56e-03
 2.20797e+18	8.74e-01	1.26e-01	4.09e-07	0.00e+00	0.00e+00	0.00e+00	0.00e+00	0.00e+00	0.00e+00	8.71e-01	1.38e-03	1.53e-03
 2.20857e+18	8.79e-01	1.21e-01	3.80e-07	0.00e+00	0.00e+00	0.00e+00	0.00e+00	0.00e+00	0.00e+00	8.76e-01	1.36e-03	1.50e-03
 2.20917e+18	8.84e-01	1.16e-01	3.54e-07	0.00e+00	0.00e+00	0.00e+00	0.00e+00	0.00e+00	0.00e+00	8.81e-01	1.33e-03	1.47e-03
 2.20975e+18	8.89e-01	1.11e-01	3.29e-07	0.00e+00	0.00e+00	0.00e+00	0.00e+00	0.00e+00	0.00e+00	8.86e-01	1.31e-03	1.44e-03
 2.21033e+18	8.93e-01	1.07e-01	3.07e-07	0.00e+00	0.00e+00	0.00e+00	0.00e+00	0.00e+00	0.00e+00	8.91e-01	1.29e-03	1.41e-03
 2.21091e+18	8.98e-01	1.02e-01	2.86e-07	0.00e+00	0.00e+00	0.00e+00	0.00e+00	0.00e+00	0.00e+00	8.95e-01	1.27e-03	1.39e-03
 2.21148e+18	9.02e-01	9.83e-02	2.67e-07	0.00e+00	0.00e+00	0.00e+00	0.00e+00	0.00e+00	0.00e+00	8.99e-01	1.25e-03	1.36e-03
 2.21204e+18	9.06e-01	9.43e-02	2.50e-07	0.00e+00	0.00e+00	0.00e+00	0.00e+00	0.00e+00	0.00e+00	9.03e-01	1.23e-03	1.34e-03
 2.21260e+18	9.09e-01	9.06e-02	2.34e-07	0.00e+00	0.00e+00	0.00e+00	0.00e+00	0.00e+00	0.00e+00	9.07e-01	1.21e-03	1.31e-03
 2.21316e+18	9.13e-01	8.69e-02	2.18e-07	0.00e+00	0.00e+00	0.00e+00	0.00e+00	0.00e+00	0.00e+00	9.11e-01	1.19e-03	1.29e-03
 2.21371e+18	9.17e-01	8.34e-02	2.04e-07	0.00e+00	0.00e+00	0.00e+00	0.00e+00	0.00e+00	0.00e+00	9.14e-01	1.17e-03	1.27e-03
 2.21426e+18	9.20e-01	8.00e-02	1.91e-07	0.00e+00	0.00e+00	0.00e+00	0.00e+00	0.00e+00	0.00e+00	9.18e-01	1.15e-03	1.25e-03
 2.21480e+18	9.23e-01	7.68e-02	1.79e-07	0.00e+00	0.00e+00	0.00e+00	0.00e+00	0.00e+00	0.00e+00	9.21e-01	1.14e-03	1.23e-03
 2.21534e+18	9.26e-01	7.37e-02	1.68e-07	0.00e+00	0.00e+00	0.00e+00	0.00e+00	0.00e+00	0.00e+00	9.24e-01	1.12e-03	1.20e-03
 2.21588e+18	9.29e-01	7.07e-02	1.57e-07	0.00e+00	0.00e+00	0.00e+00	0.00e+00	0.00e+00	0.00e+00	9.27e-01	1.10e-03	1.19e-03
 2.21641e+18	9.32e-01	6.79e-02	1.48e-07	0.00e+00	0.00e+00	0.00e+00	0.00e+00	0.00e+00	0.00e+00	9.30e-01	1.09e-03	1.17e-03
 2.21693e+18	9.35e-01	6.51e-02	1.39e-07	0.00e+00	0.00e+00	0.00e+00	0.00e+00	0.00e+00	0.00e+00	9.33e-01	1.07e-03	1.15e-03
 2.21746e+18	9.38e-01	6.25e-02	1.30e-07	0.00e+00	0.00e+00	0.00e+00	0.00e+00	0.00e+00	0.00e+00	9.35e-01	1.06e-03	1.13e-03
 2.21797e+18	9.40e-01	5.99e-02	1.22e-07	0.00e+00	0.00e+00	0.00e+00	0.00e+00	0.00e+00	0.00e+00	9.38e-01	1.05e-03	1.11e-03
 2.21849e+18	9.42e-01	5.75e-02	1.15e-07	0.00e+00	0.00e+00	0.00e+00	0.00e+00	0.00e+00	0.00e+00	9.40e-01	1.03e-03	1.10e-03
 2.21900e+18	9.45e-01	5.52e-02	1.08e-07	0.00e+00	0.00e+00	0.00e+00	0.00e+00	0.00e+00	0.00e+00	9.43e-01	1.02e-03	1.08e-03
 2.21950e+18	9.47e-01	5.29e-02	1.02e-07	0.00e+00	0.00e+00	0.00e+00	0.00e+00	0.00e+00	0.00e+00	9.45e-01	1.01e-03	1.07e-03
 2.22000e+18	9.49e-01	5.08e-02	9.60e-08	0.00e+00	0.00e+00	0.00e+00	0.00e+00	0.00e+00	0.00e+00	9.47e-01	9.94e-04	1.05e-03
 2.22049e+18	9.51e-01	4.87e-02	9.05e-08	0.00e+00	0.00e+00	0.00e+00	0.00e+00	0.00e+00	0.00e+00	9.49e-01	9.82e-04	1.04e-03
 2.22098e+18	9.53e-01	4.67e-02	8.53e-08	0.00e+00	0.00e+00	0.00e+00	0.00e+00	0.00e+00	0.00e+00	9.51e-01	9.69e-04	1.02e-03
 2.22147e+18	9.55e-01	4.48e-02	8.05e-08	0.00e+00	0.00e+00	0.00e+00	0.00e+00	0.00e+00	0.00e+00	9.53e-01	9.58e-04	1.01e-03
 2.22194e+18	9.57e-01	4.29e-02	7.61e-08	0.00e+00	0.00e+00	0.00e+00	0.00e+00	0.00e+00	0.00e+00	9.55e-01	9.46e-04	9.94e-04
 2.22241e+18	9.59e-01	4.12e-02	7.19e-08	0.00e+00	0.00e+00	0.00e+00	0.00e+00	0.00e+00	0.00e+00	9.57e-01	9.35e-04	9.81e-04
 2.22287e+18	9.61e-01	3.95e-02	6.81e-08	0.00e+00	0.00e+00	0.00e+00	0.00e+00	0.00e+00	0.00e+00	9.59e-01	9.24e-04	9.68e-04
 2.22332e+18	9.62e-01	3.78e-02	6.45e-08	0.00e+00	0.00e+00	0.00e+00	0.00e+00	0.00e+00	0.00e+00	9.60e-01	9.13e-04	9.55e-04
 2.22377e+18	9.64e-01	3.62e-02	6.11e-08	0.00e+00	0.00e+00	0.00e+00	0.00e+00	0.00e+00	0.00e+00	9.62e-01	9.03e-04	9.43e-04
 2.22419e+18	9.65e-01	3.47e-02	5.81e-08	0.00e+00	0.00e+00	0.00e+00	0.00e+00	0.00e+00	0.00e+00	9.63e-01	8.93e-04	9.31e-04
 2.22458e+18	9.67e-01	3.34e-02	5.54e-08	0.00e+00	0.00e+00	0.00e+00	0.00e+00	0.00e+00	0.00e+00	9.65e-01	8.84e-04	9.20e-04
 2.22494e+18	9.68e-01	3.22e-02	5.31e-08	0.00e+00	0.00e+00	0.00e+00	0.00e+00	0.00e+00	0.00e+00	9.66e-01	8.76e-04	9.10e-04
 2.22526e+18	9.69e-01	3.11e-02	5.10e-08	0.00e+00	0.00e+00	0.00e+00	0.00e+00	0.00e+00	0.00e+00	9.67e-01	8.68e-04	9.01e-04
 2.22557e+18	9.70e-01	3.00e-02	4.91e-08	0.00e+00	0.00e+00	0.00e+00	0.00e+00	0.00e+00	0.00e+00	9.68e-01	8.60e-04	8.92e-04
 2.22585e+18	9.71e-01	2.91e-02	4.73e-08	0.00e+00	0.00e+00	0.00e+00	0.00e+00	0.00e+00	0.00e+00	9.69e-01	8.53e-04	8.84e-04
 2.22612e+18	9.72e-01	2.82e-02	4.58e-08	0.00e+00	0.00e+00	0.00e+00	0.00e+00	0.00e+00	0.00e+00	9.70e-01	8.47e-04	8.76e-04
 2.22637e+18	9.73e-01	2.74e-02	4.43e-08	0.00e+00	0.00e+00	0.00e+00	0.00e+00	0.00e+00	0.00e+00	9.71e-01	8.40e-04	8.69e-04
 2.22660e+18	9.73e-01	2.66e-02	4.29e-08	0.00e+00	0.00e+00	0.00e+00	0.00e+00	0.00e+00	0.00e+00	9.72e-01	8.34e-04	8.61e-04
 2.22682e+18	9.74e-01	2.59e-02	4.17e-08	0.00e+00	0.00e+00	0.00e+00	0.00e+00	0.00e+00	0.00e+00	9.72e-01	8.28e-04	8.55e-04
 2.22702e+18	9.75e-01	2.52e-02	4.05e-08	0.00e+00	0.00e+00	0.00e+00	0.00e+00	0.00e+00	0.00e+00	9.73e-01	8.23e-04	8.48e-04
 2.22720e+18	9.75e-01	2.46e-02	3.95e-08	0.00e+00	0.00e+00	0.00e+00	0.00e+00	0.00e+00	0.00e+00	9.74e-01	8.18e-04	8.42e-04
 2.22737e+18	9.76e-01	2.41e-02	3.86e-08	0.00e+00	0.00e+00	0.00e+00	0.00e+00	0.00e+00	0.00e+00	9.74e-01	8.14e-04	8.37e-04
 2.22752e+18	9.76e-01	2.36e-02	3.78e-08	0.00e+00	0.00e+00	0.00e+00	0.00e+00	0.00e+00	0.00e+00	9.75e-01	8.09e-04	8.32e-04
 2.22766e+18	9.77e-01	2.31e-02	3.70e-08	0.00e+00	0.00e+00	0.00e+00	0.00e+00	0.00e+00	0.00e+00	9.75e-01	8.06e-04	8.27e-04
 2.22778e+18	9.77e-01	2.27e-02	3.63e-08	0.00e+00	0.00e+00	0.00e+00	0.00e+00	0.00e+00	0.00e+00	9.76e-01	8.02e-04	8.23e-04
 2.22790e+18	9.78e-01	2.24e-02	3.57e-08	0.00e+00	0.00e+00	0.00e+00	0.00e+00	0.00e+00	0.00e+00	9.76e-01	7.98e-04	8.20e-04
 2.22802e+18	9.78e-01	2.20e-02	3.50e-08	0.00e+00	0.00e+00	0.00e+00	0.00e+00	0.00e+00	0.00e+00	9.76e-01	7.94e-04	8.16e-04
 2.22815e+18	9.78e-01	2.16e-02	3.43e-08	0.00e+00	0.00e+00	0.00e+00	0.00e+00	0.00e+00	0.00e+00	9.77e-01	7.89e-04	8.11e-04
 2.22828e+18	9.79e-01	2.13e-02	3.37e-08	0.00e+00	0.00e+00	0.00e+00	0.00e+00	0.00e+00	0.00e+00	9.77e-01	7.85e-04	8.08e-04
 2.22841e+18	9.79e-01	2.08e-02	3.29e-08	0.00e+00	0.00e+00	0.00e+00	0.00e+00	0.00e+00	0.00e+00	9.78e-01	7.80e-04	8.03e-04
 2.22856e+18	9.80e-01	2.04e-02	3.22e-08	0.00e+00	0.00e+00	0.00e+00	0.00e+00	0.00e+00	0.00e+00	9.78e-01	7.75e-04	7.98e-04
 2.22869e+18	9.80e-01	2.00e-02	3.15e-08	0.00e+00	0.00e+00	0.00e+00	0.00e+00	0.00e+00	0.00e+00	9.78e-01	7.70e-04	7.94e-04
 2.22881e+18	9.80e-01	1.97e-02	3.09e-08	0.00e+00	0.00e+00	0.00e+00	0.00e+00	0.00e+00	0.00e+00	9.79e-01	7.66e-04	7.90e-04
 2.22894e+18	9.81e-01	1.93e-02	3.02e-08	0.00e+00	0.00e+00	0.00e+00	0.00e+00	0.00e+00	0.00e+00	9.79e-01	7.62e-04	7.86e-04
 2.22908e+18	9.81e-01	1.89e-02	2.95e-08	0.00e+00	0.00e+00	0.00e+00	0.00e+00	0.00e+00	0.00e+00	9.80e-01	7.57e-04	7.81e-04
 2.22921e+18	9.81e-01	1.86e-02	2.88e-08	0.00e+00	0.00e+00	0.00e+00	0.00e+00	0.00e+00	0.00e+00	9.80e-01	7.53e-04	7.78e-04
 2.22935e+18	9.82e-01	1.82e-02	2.81e-08	0.00e+00	0.00e+00	0.00e+00	0.00e+00	0.00e+00	0.00e+00	9.80e-01	7.49e-04	7.73e-04
 2.22950e+18	9.82e-01	1.78e-02	2.74e-08	0.00e+00	0.00e+00	0.00e+00	0.00e+00	0.00e+00	0.00e+00	9.81e-01	7.45e-04	7.69e-04
 2.22964e+18	9.82e-01	1.75e-02	2.68e-08	0.00e+00	0.00e+00	0.00e+00	0.00e+00	0.00e+00	0.00e+00	9.81e-01	7.42e-04	7.65e-04
 2.22977e+18	9.83e-01	1.72e-02	2.62e-08	0.00e+00	0.00e+00	0.00e+00	0.00e+00	0.00e+00	0.00e+00	9.81e-01	7.38e-04	7.62e-04
 2.22991e+18	9.83e-01	1.69e-02	2.55e-08	0.00e+00	0.00e+00	0.00e+00	0.00e+00	0.00e+00	0.00e+00	9.82e-01	7.34e-04	7.58e-04
 2.23006e+18	9.83e-01	1.66e-02	2.49e-08	0.00e+00	0.00e+00	0.00e+00	0.00e+00	0.00e+00	0.00e+00	9.82e-01	7.30e-04	7.54e-04
 2.23019e+18	9.84e-01	1.62e-02	2.43e-08	0.00e+00	0.00e+00	0.00e+00	0.00e+00	0.00e+00	0.00e+00	9.82e-01	7.27e-04	7.50e-04
 2.23032e+18	9.84e-01	1.60e-02	2.38e-08	0.00e+00	0.00e+00	0.00e+00	0.00e+00	0.00e+00	0.00e+00	9.83e-01	7.23e-04	7.46e-04
 2.23045e+18	9.84e-01	1.57e-02	2.32e-08	0.00e+00	0.00e+00	0.00e+00	0.00e+00	0.00e+00	0.00e+00	9.83e-01	7.20e-04	7.42e-04
 2.23060e+18	9.85e-01	1.53e-02	2.25e-08	0.00e+00	0.00e+00	0.00e+00	0.00e+00	0.00e+00	0.00e+00	9.83e-01	7.16e-04	7.38e-04
 2.23073e+18	9.85e-01	1.51e-02	2.20e-08	0.00e+00	0.00e+00	0.00e+00	0.00e+00	0.00e+00	0.00e+00	9.83e-01	7.12e-04	7.34e-04
 2.23085e+18	9.85e-01	1.48e-02	2.15e-08	0.00e+00	0.00e+00	0.00e+00	0.00e+00	0.00e+00	0.00e+00	9.84e-01	7.09e-04	7.31e-04
 2.23099e+18	9.85e-01	1.45e-02	2.09e-08	0.00e+00	0.00e+00	0.00e+00	0.00e+00	0.00e+00	0.00e+00	9.84e-01	7.05e-04	7.26e-04
 2.23113e+18	9.86e-01	1.42e-02	2.03e-08	0.00e+00	0.00e+00	0.00e+00	0.00e+00	0.00e+00	0.00e+00	9.84e-01	7.01e-04	7.22e-04
