#depth	O	O+	O+2	O+3	O+4	O+5	O+6	O+7	O+8	O[1]	O[2]	O[3]
 5.04056e+13	3.39e-06	3.53e-02	9.64e-01	1.14e-03	0.00e+00	0.00e+00	0.00e+00	0.00e+00	0.00e+00	3.33e-06	3.03e-08	3.44e-08
 3.02434e+14	3.39e-06	3.53e-02	9.64e-01	1.14e-03	0.00e+00	0.00e+00	0.00e+00	0.00e+00	0.00e+00	3.33e-06	3.03e-08	3.44e-08
 1.31055e+15	3.41e-06	3.54e-02	9.63e-01	1.12e-03	0.00e+00	0.00e+00	0.00e+00	0.00e+00	0.00e+00	3.34e-06	3.05e-08	3.46e-08
 5.34300e+15	3.48e-06	3.57e-02	9.63e-01	1.05e-03	0.00e+00	0.00e+00	0.00e+00	0.00e+00	0.00e+00	3.41e-06	3.11e-08	3.52e-08
 1.27627e+16	3.60e-06	3.62e-02	9.63e-01	9.47e-04	0.00e+00	0.00e+00	0.00e+00	0.00e+00	0.00e+00	3.53e-06	3.22e-08	3.63e-08
 2.24083e+16	3.77e-06	3.70e-02	9.62e-01	8.29e-04	0.00e+00	0.00e+00	0.00e+00	0.00e+00	0.00e+00	3.70e-06	3.33e-08	3.77e-08
 3.49476e+16	4.00e-06	3.79e-02	9.61e-01	6.95e-04	0.00e+00	0.00e+00	0.00e+00	0.00e+00	0.00e+00	3.92e-06	3.49e-08	3.96e-08
 5.12487e+16	4.31e-06	3.92e-02	9.60e-01	5.50e-04	0.00e+00	0.00e+00	0.00e+00	0.00e+00	0.00e+00	4.24e-06	3.73e-08	4.23e-08
 7.24402e+16	4.76e-06	4.10e-02	9.59e-01	4.05e-04	0.00e+00	0.00e+00	0.00e+00	0.00e+00	0.00e+00	4.67e-06	4.06e-08	4.62e-08
 9.99890e+16	5.40e-06	4.34e-02	9.56e-01	2.71e-04	0.00e+00	0.00e+00	0.00e+00	0.00e+00	0.00e+00	5.30e-06	4.55e-08	5.17e-08
 1.35803e+17	6.33e-06	4.65e-02	9.53e-01	1.60e-04	0.00e+00	0.00e+00	0.00e+00	0.00e+00	0.00e+00	6.22e-06	5.25e-08	5.97e-08
 1.78354e+17	7.59e-06	5.05e-02	9.49e-01	8.63e-05	0.00e+00	0.00e+00	0.00e+00	0.00e+00	0.00e+00	7.46e-06	6.19e-08	7.04e-08
 2.23864e+17	9.17e-06	5.49e-02	9.45e-01	4.47e-05	0.00e+00	0.00e+00	0.00e+00	0.00e+00	0.00e+00	9.01e-06	7.34e-08	8.37e-08
 2.71195e+17	1.11e-05	5.97e-02	9.40e-01	2.28e-05	0.00e+00	0.00e+00	0.00e+00	0.00e+00	0.00e+00	1.09e-05	8.74e-08	9.96e-08
 3.20418e+17	1.34e-05	6.50e-02	9.35e-01	1.15e-05	0.00e+00	0.00e+00	0.00e+00	0.00e+00	0.00e+00	1.32e-05	1.04e-07	1.19e-07
 3.71611e+17	1.62e-05	7.08e-02	9.29e-01	5.74e-06	0.00e+00	0.00e+00	0.00e+00	0.00e+00	0.00e+00	1.60e-05	1.24e-07	1.42e-07
 4.24852e+17	1.97e-05	7.71e-02	9.23e-01	2.84e-06	0.00e+00	0.00e+00	0.00e+00	0.00e+00	0.00e+00	1.93e-05	1.49e-07	1.70e-07
 4.80222e+17	2.39e-05	8.41e-02	9.16e-01	1.41e-06	0.00e+00	0.00e+00	0.00e+00	0.00e+00	0.00e+00	2.35e-05	1.78e-07	2.04e-07
 5.37807e+17	2.90e-05	9.16e-02	9.08e-01	6.96e-07	0.00e+00	0.00e+00	0.00e+00	0.00e+00	0.00e+00	2.85e-05	2.14e-07	2.46e-07
 5.95697e+17	3.50e-05	9.97e-02	9.00e-01	3.55e-07	0.00e+00	0.00e+00	0.00e+00	0.00e+00	0.00e+00	3.44e-05	2.56e-07	2.94e-07
 6.55441e+17	4.23e-05	1.08e-01	8.92e-01	1.84e-07	0.00e+00	0.00e+00	0.00e+00	0.00e+00	0.00e+00	4.16e-05	3.06e-07	3.52e-07
 7.17692e+17	5.11e-05	1.18e-01	8.82e-01	0.00e+00	0.00e+00	0.00e+00	0.00e+00	0.00e+00	0.00e+00	5.04e-05	3.67e-07	4.22e-07
 7.79267e+17	6.13e-05	1.28e-01	8.72e-01	0.00e+00	0.00e+00	0.00e+00	0.00e+00	0.00e+00	0.00e+00	6.04e-05	4.36e-07	5.02e-07
 8.45187e+17	7.42e-05	1.39e-01	8.61e-01	0.00e+00	0.00e+00	0.00e+00	0.00e+00	0.00e+00	0.00e+00	7.31e-05	5.24e-07	6.03e-07
 9.14335e+17	9.00e-05	1.51e-01	8.49e-01	0.00e+00	0.00e+00	0.00e+00	0.00e+00	0.00e+00	0.00e+00	8.86e-05	6.29e-07	7.26e-07
 9.79733e+17	1.07e-04	1.64e-01	8.36e-01	0.00e+00	0.00e+00	0.00e+00	0.00e+00	0.00e+00	0.00e+00	1.06e-04	7.46e-07	8.61e-07
 1.05078e+18	1.30e-04	1.78e-01	8.22e-01	0.00e+00	0.00e+00	0.00e+00	0.00e+00	0.00e+00	0.00e+00	1.28e-04	8.98e-07	1.04e-06
 1.12688e+18	1.58e-04	1.94e-01	8.06e-01	0.00e+00	0.00e+00	0.00e+00	0.00e+00	0.00e+00	0.00e+00	1.56e-04	1.08e-06	1.25e-06
 1.19636e+18	1.88e-04	2.09e-01	7.91e-01	0.00e+00	0.00e+00	0.00e+00	0.00e+00	0.00e+00	0.00e+00	1.86e-04	1.28e-06	1.48e-06
 1.27182e+18	2.28e-04	2.27e-01	7.73e-01	0.00e+00	0.00e+00	0.00e+00	0.00e+00	0.00e+00	0.00e+00	2.25e-04	1.55e-06	1.79e-06
 1.35288e+18	2.78e-04	2.47e-01	7.53e-01	0.00e+00	0.00e+00	0.00e+00	0.00e+00	0.00e+00	0.00e+00	2.74e-04	1.87e-06	2.16e-06
 1.42433e+18	3.30e-04	2.65e-01	7.34e-01	0.00e+00	0.00e+00	0.00e+00	0.00e+00	0.00e+00	0.00e+00	3.25e-04	2.22e-06	2.56e-06
 1.49011e+18	3.86e-04	2.83e-01	7.16e-01	0.00e+00	0.00e+00	0.00e+00	0.00e+00	0.00e+00	0.00e+00	3.80e-04	2.59e-06	2.99e-06
 1.56546e+18	4.64e-04	3.05e-01	6.94e-01	0.00e+00	0.00e+00	0.00e+00	0.00e+00	0.00e+00	0.00e+00	4.57e-04	3.10e-06	3.58e-06
 1.64641e+18	5.62e-04	3.30e-01	6.69e-01	0.00e+00	0.00e+00	0.00e+00	0.00e+00	0.00e+00	0.00e+00	5.54e-04	3.75e-06	4.32e-06
 1.71715e+18	6.65e-04	3.53e-01	6.46e-01	0.00e+00	0.00e+00	0.00e+00	0.00e+00	0.00e+00	0.00e+00	6.55e-04	4.43e-06	5.10e-06
 1.78077e+18	7.76e-04	3.75e-01	6.24e-01	0.00e+00	0.00e+00	0.00e+00	0.00e+00	0.00e+00	0.00e+00	7.65e-04	5.16e-06	5.95e-06
 1.85263e+18	9.27e-04	4.02e-01	5.97e-01	0.00e+00	0.00e+00	0.00e+00	0.00e+00	0.00e+00	0.00e+00	9.14e-04	6.17e-06	7.10e-06
 1.92915e+18	1.12e-03	4.32e-01	5.67e-01	0.00e+00	0.00e+00	0.00e+00	0.00e+00	0.00e+00	0.00e+00	1.10e-03	7.45e-06	8.57e-06
 1.99446e+18	1.32e-03	4.60e-01	5.39e-01	0.00e+00	0.00e+00	0.00e+00	0.00e+00	0.00e+00	0.00e+00	1.30e-03	8.79e-06	1.01e-05
 2.05158e+18	1.53e-03	4.85e-01	5.13e-01	0.00e+00	0.00e+00	0.00e+00	0.00e+00	0.00e+00	0.00e+00	1.51e-03	1.02e-05	1.17e-05
 2.11529e+18	1.82e-03	5.15e-01	4.83e-01	0.00e+00	0.00e+00	0.00e+00	0.00e+00	0.00e+00	0.00e+00	1.80e-03	1.21e-05	1.39e-05
 2.18299e+18	2.20e-03	5.49e-01	4.48e-01	0.00e+00	0.00e+00	0.00e+00	0.00e+00	0.00e+00	0.00e+00	2.17e-03	1.47e-05	1.68e-05
 2.24009e+18	2.59e-03	5.80e-01	4.18e-01	0.00e+00	0.00e+00	0.00e+00	0.00e+00	0.00e+00	0.00e+00	2.55e-03	1.73e-05	1.98e-05
 2.28882e+18	2.99e-03	6.07e-01	3.90e-01	0.00e+00	0.00e+00	0.00e+00	0.00e+00	0.00e+00	0.00e+00	2.95e-03	2.00e-05	2.29e-05
 2.34248e+18	3.54e-03	6.39e-01	3.58e-01	0.00e+00	0.00e+00	0.00e+00	0.00e+00	0.00e+00	0.00e+00	3.49e-03	2.37e-05	2.71e-05
 2.39964e+18	4.25e-03	6.74e-01	3.22e-01	0.00e+00	0.00e+00	0.00e+00	0.00e+00	0.00e+00	0.00e+00	4.19e-03	2.86e-05	3.26e-05
 2.44772e+18	5.01e-03	7.04e-01	2.91e-01	0.00e+00	0.00e+00	0.00e+00	0.00e+00	0.00e+00	0.00e+00	4.94e-03	3.37e-05	3.84e-05
 2.48818e+18	5.78e-03	7.31e-01	2.63e-01	0.00e+00	0.00e+00	0.00e+00	0.00e+00	0.00e+00	0.00e+00	5.70e-03	3.91e-05	4.44e-05
 2.53231e+18	6.82e-03	7.60e-01	2.33e-01	0.00e+00	0.00e+00	0.00e+00	0.00e+00	0.00e+00	0.00e+00	6.72e-03	4.62e-05	5.25e-05
 2.57962e+18	8.21e-03	7.91e-01	2.01e-01	0.00e+00	0.00e+00	0.00e+00	0.00e+00	0.00e+00	0.00e+00	8.09e-03	5.57e-05	6.33e-05
 2.61978e+18	9.72e-03	8.17e-01	1.73e-01	0.00e+00	0.00e+00	0.00e+00	0.00e+00	0.00e+00	0.00e+00	9.58e-03	6.62e-05	7.50e-05
 2.65015e+18	1.11e-02	8.37e-01	1.52e-01	0.00e+00	0.00e+00	0.00e+00	0.00e+00	0.00e+00	0.00e+00	1.10e-02	7.60e-05	8.60e-05
 2.67419e+18	1.25e-02	8.51e-01	1.36e-01	0.00e+00	0.00e+00	0.00e+00	0.00e+00	0.00e+00	0.00e+00	1.23e-02	8.51e-05	9.63e-05
 2.70058e+18	1.42e-02	8.67e-01	1.19e-01	0.00e+00	0.00e+00	0.00e+00	0.00e+00	0.00e+00	0.00e+00	1.40e-02	9.69e-05	1.10e-04
 2.73488e+18	1.69e-02	8.86e-01	9.74e-02	0.00e+00	0.00e+00	0.00e+00	0.00e+00	0.00e+00	0.00e+00	1.67e-02	1.16e-04	1.31e-04
 2.76910e+18	2.05e-02	9.02e-01	7.74e-02	0.00e+00	0.00e+00	0.00e+00	0.00e+00	0.00e+00	0.00e+00	2.02e-02	1.41e-04	1.59e-04
 2.79522e+18	2.42e-02	9.13e-01	6.29e-02	0.00e+00	0.00e+00	0.00e+00	0.00e+00	0.00e+00	0.00e+00	2.38e-02	1.66e-04	1.87e-04
 2.81638e+18	2.78e-02	9.20e-01	5.21e-02	0.00e+00	0.00e+00	0.00e+00	0.00e+00	0.00e+00	0.00e+00	2.74e-02	1.90e-04	2.15e-04
 2.83596e+18	3.20e-02	9.25e-01	4.29e-02	0.00e+00	0.00e+00	0.00e+00	0.00e+00	0.00e+00	0.00e+00	3.16e-02	2.18e-04	2.46e-04
 2.85508e+18	3.72e-02	9.28e-01	3.46e-02	0.00e+00	0.00e+00	0.00e+00	0.00e+00	0.00e+00	0.00e+00	3.67e-02	2.53e-04	2.85e-04
 2.87279e+18	4.33e-02	9.29e-01	2.76e-02	0.00e+00	0.00e+00	0.00e+00	0.00e+00	0.00e+00	0.00e+00	4.27e-02	2.93e-04	3.30e-04
 2.88817e+18	5.00e-02	9.28e-01	2.21e-02	0.00e+00	0.00e+00	0.00e+00	0.00e+00	0.00e+00	0.00e+00	4.93e-02	3.36e-04	3.79e-04
 2.90147e+18	5.74e-02	9.25e-01	1.79e-02	0.00e+00	0.00e+00	0.00e+00	0.00e+00	0.00e+00	0.00e+00	5.65e-02	3.84e-04	4.33e-04
 2.91342e+18	6.57e-02	9.20e-01	1.44e-02	0.00e+00	0.00e+00	0.00e+00	0.00e+00	0.00e+00	0.00e+00	6.47e-02	4.36e-04	4.92e-04
 2.92430e+18	7.50e-02	9.13e-01	1.15e-02	0.00e+00	0.00e+00	0.00e+00	0.00e+00	0.00e+00	0.00e+00	7.40e-02	4.95e-04	5.58e-04
 2.93418e+18	8.56e-02	9.05e-01	9.21e-03	0.00e+00	0.00e+00	0.00e+00	0.00e+00	0.00e+00	0.00e+00	8.44e-02	5.60e-04	6.32e-04
 2.94317e+18	9.72e-02	8.95e-01	7.36e-03	0.00e+00	0.00e+00	0.00e+00	0.00e+00	0.00e+00	0.00e+00	9.58e-02	6.30e-04	7.11e-04
 2.95146e+18	1.11e-01	8.84e-01	5.85e-03	0.00e+00	0.00e+00	0.00e+00	0.00e+00	0.00e+00	0.00e+00	1.09e-01	7.09e-04	8.01e-04
 2.95912e+18	1.26e-01	8.70e-01	4.62e-03	0.00e+00	0.00e+00	0.00e+00	0.00e+00	0.00e+00	0.00e+00	1.24e-01	7.97e-04	9.00e-04
 2.96605e+18	1.43e-01	8.53e-01	3.64e-03	0.00e+00	0.00e+00	0.00e+00	0.00e+00	0.00e+00	0.00e+00	1.41e-01	8.93e-04	1.01e-03
 2.97235e+18	1.62e-01	8.35e-01	2.86e-03	0.00e+00	0.00e+00	0.00e+00	0.00e+00	0.00e+00	0.00e+00	1.60e-01	9.95e-04	1.12e-03
 2.97816e+18	1.83e-01	8.15e-01	2.25e-03	0.00e+00	0.00e+00	0.00e+00	0.00e+00	0.00e+00	0.00e+00	1.81e-01	1.10e-03	1.25e-03
 2.98361e+18	2.07e-01	7.91e-01	1.75e-03	0.00e+00	0.00e+00	0.00e+00	0.00e+00	0.00e+00	0.00e+00	2.04e-01	1.22e-03	1.38e-03
 2.98873e+18	2.34e-01	7.64e-01	1.35e-03	0.00e+00	0.00e+00	0.00e+00	0.00e+00	0.00e+00	0.00e+00	2.31e-01	1.34e-03	1.52e-03
 2.99352e+18	2.64e-01	7.35e-01	1.04e-03	0.00e+00	0.00e+00	0.00e+00	0.00e+00	0.00e+00	0.00e+00	2.61e-01	1.47e-03	1.66e-03
 2.99807e+18	2.98e-01	7.02e-01	7.90e-04	0.00e+00	0.00e+00	0.00e+00	0.00e+00	0.00e+00	0.00e+00	2.94e-01	1.59e-03	1.81e-03
 3.00239e+18	3.35e-01	6.64e-01	5.95e-04	0.00e+00	0.00e+00	0.00e+00	0.00e+00	0.00e+00	0.00e+00	3.32e-01	1.72e-03	1.95e-03
 3.00612e+18	3.73e-01	6.26e-01	4.55e-04	0.00e+00	0.00e+00	0.00e+00	0.00e+00	0.00e+00	0.00e+00	3.69e-01	1.83e-03	2.08e-03
 3.00902e+18	4.06e-01	5.94e-01	3.65e-04	0.00e+00	0.00e+00	0.00e+00	0.00e+00	0.00e+00	0.00e+00	4.02e-01	1.91e-03	2.18e-03
 3.01129e+18	4.34e-01	5.66e-01	3.04e-04	0.00e+00	0.00e+00	0.00e+00	0.00e+00	0.00e+00	0.00e+00	4.29e-01	1.97e-03	2.24e-03
 3.01328e+18	4.59e-01	5.41e-01	2.58e-04	0.00e+00	0.00e+00	0.00e+00	0.00e+00	0.00e+00	0.00e+00	4.55e-01	2.01e-03	2.29e-03
 3.01519e+18	4.84e-01	5.16e-01	2.19e-04	0.00e+00	0.00e+00	0.00e+00	0.00e+00	0.00e+00	0.00e+00	4.79e-01	2.05e-03	2.33e-03
 3.01701e+18	5.09e-01	4.91e-01	1.86e-04	0.00e+00	0.00e+00	0.00e+00	0.00e+00	0.00e+00	0.00e+00	5.05e-01	2.07e-03	2.37e-03
 3.01871e+18	5.32e-01	4.68e-01	1.60e-04	0.00e+00	0.00e+00	0.00e+00	0.00e+00	0.00e+00	0.00e+00	5.28e-01	2.09e-03	2.39e-03
 3.02023e+18	5.55e-01	4.45e-01	1.39e-04	0.00e+00	0.00e+00	0.00e+00	0.00e+00	0.00e+00	0.00e+00	5.50e-01	2.10e-03	2.40e-03
 3.02160e+18	5.74e-01	4.26e-01	1.22e-04	0.00e+00	0.00e+00	0.00e+00	0.00e+00	0.00e+00	0.00e+00	5.69e-01	2.10e-03	2.40e-03
 3.02292e+18	5.93e-01	4.07e-01	1.07e-04	0.00e+00	0.00e+00	0.00e+00	0.00e+00	0.00e+00	0.00e+00	5.89e-01	2.10e-03	2.40e-03
 3.02398e+18	6.08e-01	3.92e-01	9.69e-05	0.00e+00	0.00e+00	0.00e+00	0.00e+00	0.00e+00	0.00e+00	6.04e-01	2.10e-03	2.40e-03
 3.02475e+18	6.19e-01	3.81e-01	8.99e-05	0.00e+00	0.00e+00	0.00e+00	0.00e+00	0.00e+00	0.00e+00	6.15e-01	2.09e-03	2.39e-03
 3.02549e+18	6.30e-01	3.70e-01	8.35e-05	0.00e+00	0.00e+00	0.00e+00	0.00e+00	0.00e+00	0.00e+00	6.25e-01	2.08e-03	2.38e-03
 3.02631e+18	6.42e-01	3.58e-01	7.69e-05	0.00e+00	0.00e+00	0.00e+00	0.00e+00	0.00e+00	0.00e+00	6.37e-01	2.07e-03	2.37e-03
 3.02718e+18	6.54e-01	3.46e-01	7.03e-05	0.00e+00	0.00e+00	0.00e+00	0.00e+00	0.00e+00	0.00e+00	6.50e-01	2.06e-03	2.36e-03
 3.02804e+18	6.66e-01	3.34e-01	6.44e-05	0.00e+00	0.00e+00	0.00e+00	0.00e+00	0.00e+00	0.00e+00	6.62e-01	2.05e-03	2.34e-03
 3.02887e+18	6.77e-01	3.23e-01	5.93e-05	0.00e+00	0.00e+00	0.00e+00	0.00e+00	0.00e+00	0.00e+00	6.73e-01	2.03e-03	2.32e-03
 3.02968e+18	6.88e-01	3.11e-01	5.45e-05	0.00e+00	0.00e+00	0.00e+00	0.00e+00	0.00e+00	0.00e+00	6.84e-01	2.01e-03	2.30e-03
 3.03049e+18	6.99e-01	3.01e-01	5.01e-05	0.00e+00	0.00e+00	0.00e+00	0.00e+00	0.00e+00	0.00e+00	6.95e-01	2.00e-03	2.28e-03
 3.03131e+18	7.10e-01	2.90e-01	4.59e-05	0.00e+00	0.00e+00	0.00e+00	0.00e+00	0.00e+00	0.00e+00	7.06e-01	1.97e-03	2.26e-03
 3.03212e+18	7.20e-01	2.80e-01	4.22e-05	0.00e+00	0.00e+00	0.00e+00	0.00e+00	0.00e+00	0.00e+00	7.16e-01	1.96e-03	2.24e-03
 3.03292e+18	7.31e-01	2.69e-01	3.88e-05	0.00e+00	0.00e+00	0.00e+00	0.00e+00	0.00e+00	0.00e+00	7.27e-01	1.93e-03	2.21e-03
 3.03374e+18	7.41e-01	2.59e-01	3.56e-05	0.00e+00	0.00e+00	0.00e+00	0.00e+00	0.00e+00	0.00e+00	7.37e-01	1.91e-03	2.18e-03
 3.03454e+18	7.51e-01	2.49e-01	3.26e-05	0.00e+00	0.00e+00	0.00e+00	0.00e+00	0.00e+00	0.00e+00	7.47e-01	1.88e-03	2.15e-03
 3.03533e+18	7.60e-01	2.40e-01	3.00e-05	0.00e+00	0.00e+00	0.00e+00	0.00e+00	0.00e+00	0.00e+00	7.56e-01	1.86e-03	2.13e-03
 3.03612e+18	7.69e-01	2.31e-01	2.76e-05	0.00e+00	0.00e+00	0.00e+00	0.00e+00	0.00e+00	0.00e+00	7.65e-01	1.83e-03	2.10e-03
 3.03693e+18	7.79e-01	2.21e-01	2.53e-05	0.00e+00	0.00e+00	0.00e+00	0.00e+00	0.00e+00	0.00e+00	7.75e-01	1.81e-03	2.07e-03
 3.03773e+18	7.87e-01	2.13e-01	2.32e-05	0.00e+00	0.00e+00	0.00e+00	0.00e+00	0.00e+00	0.00e+00	7.84e-01	1.78e-03	2.04e-03
 3.03851e+18	7.96e-01	2.04e-01	2.13e-05	0.00e+00	0.00e+00	0.00e+00	0.00e+00	0.00e+00	0.00e+00	7.92e-01	1.76e-03	2.00e-03
 3.03931e+18	8.04e-01	1.96e-01	1.95e-05	0.00e+00	0.00e+00	0.00e+00	0.00e+00	0.00e+00	0.00e+00	8.00e-01	1.73e-03	1.97e-03
 3.04011e+18	8.12e-01	1.88e-01	1.79e-05	0.00e+00	0.00e+00	0.00e+00	0.00e+00	0.00e+00	0.00e+00	8.08e-01	1.70e-03	1.94e-03
 3.04092e+18	8.20e-01	1.80e-01	1.64e-05	0.00e+00	0.00e+00	0.00e+00	0.00e+00	0.00e+00	0.00e+00	8.16e-01	1.67e-03	1.91e-03
 3.04172e+18	8.27e-01	1.73e-01	1.51e-05	0.00e+00	0.00e+00	0.00e+00	0.00e+00	0.00e+00	0.00e+00	8.23e-01	1.65e-03	1.88e-03
 3.04252e+18	8.34e-01	1.66e-01	1.38e-05	0.00e+00	0.00e+00	0.00e+00	0.00e+00	0.00e+00	0.00e+00	8.31e-01	1.62e-03	1.85e-03
 3.04333e+18	8.41e-01	1.59e-01	1.27e-05	0.00e+00	0.00e+00	0.00e+00	0.00e+00	0.00e+00	0.00e+00	8.38e-01	1.59e-03	1.81e-03
 3.04413e+18	8.48e-01	1.52e-01	1.16e-05	0.00e+00	0.00e+00	0.00e+00	0.00e+00	0.00e+00	0.00e+00	8.44e-01	1.57e-03	1.78e-03
 3.04494e+18	8.54e-01	1.46e-01	1.07e-05	0.00e+00	0.00e+00	0.00e+00	0.00e+00	0.00e+00	0.00e+00	8.51e-01	1.54e-03	1.75e-03
 3.04576e+18	8.61e-01	1.39e-01	9.78e-06	0.00e+00	0.00e+00	0.00e+00	0.00e+00	0.00e+00	0.00e+00	8.57e-01	1.51e-03	1.72e-03
 3.04658e+18	8.66e-01	1.34e-01	8.97e-06	0.00e+00	0.00e+00	0.00e+00	0.00e+00	0.00e+00	0.00e+00	8.63e-01	1.49e-03	1.69e-03
 3.04739e+18	8.72e-01	1.28e-01	8.22e-06	0.00e+00	0.00e+00	0.00e+00	0.00e+00	0.00e+00	0.00e+00	8.69e-01	1.46e-03	1.66e-03
 3.04820e+18	8.77e-01	1.23e-01	7.56e-06	0.00e+00	0.00e+00	0.00e+00	0.00e+00	0.00e+00	0.00e+00	8.74e-01	1.44e-03	1.63e-03
 3.04900e+18	8.83e-01	1.17e-01	6.94e-06	0.00e+00	0.00e+00	0.00e+00	0.00e+00	0.00e+00	0.00e+00	8.80e-01	1.42e-03	1.61e-03
 3.04982e+18	8.88e-01	1.12e-01	6.37e-06	0.00e+00	0.00e+00	0.00e+00	0.00e+00	0.00e+00	0.00e+00	8.85e-01	1.39e-03	1.58e-03
 3.05065e+18	8.93e-01	1.07e-01	5.84e-06	0.00e+00	0.00e+00	0.00e+00	0.00e+00	0.00e+00	0.00e+00	8.90e-01	1.37e-03	1.55e-03
 3.05148e+18	8.97e-01	1.03e-01	5.36e-06	0.00e+00	0.00e+00	0.00e+00	0.00e+00	0.00e+00	0.00e+00	8.94e-01	1.35e-03	1.53e-03
 3.05231e+18	9.02e-01	9.84e-02	4.92e-06	0.00e+00	0.00e+00	0.00e+00	0.00e+00	0.00e+00	0.00e+00	8.99e-01	1.33e-03	1.50e-03
 3.05314e+18	9.06e-01	9.43e-02	4.52e-06	0.00e+00	0.00e+00	0.00e+00	0.00e+00	0.00e+00	0.00e+00	9.03e-01	1.31e-03	1.48e-03
 3.05398e+18	9.10e-01	9.02e-02	4.14e-06	0.00e+00	0.00e+00	0.00e+00	0.00e+00	0.00e+00	0.00e+00	9.07e-01	1.28e-03	1.45e-03
 3.05483e+18	9.14e-01	8.64e-02	3.80e-06	0.00e+00	0.00e+00	0.00e+00	0.00e+00	0.00e+00	0.00e+00	9.11e-01	1.27e-03	1.43e-03
 3.05568e+18	9.17e-01	8.27e-02	3.49e-06	0.00e+00	0.00e+00	0.00e+00	0.00e+00	0.00e+00	0.00e+00	9.15e-01	1.25e-03	1.41e-03
 3.05654e+18	9.21e-01	7.92e-02	3.20e-06	0.00e+00	0.00e+00	0.00e+00	0.00e+00	0.00e+00	0.00e+00	9.18e-01	1.23e-03	1.39e-03
 3.05741e+18	9.24e-01	7.58e-02	2.94e-06	0.00e+00	0.00e+00	0.00e+00	0.00e+00	0.00e+00	0.00e+00	9.22e-01	1.21e-03	1.36e-03
 3.05829e+18	9.27e-01	7.26e-02	2.70e-06	0.00e+00	0.00e+00	0.00e+00	0.00e+00	0.00e+00	0.00e+00	9.25e-01	1.19e-03	1.34e-03
 3.05918e+18	9.31e-01	6.94e-02	2.47e-06	0.00e+00	0.00e+00	0.00e+00	0.00e+00	0.00e+00	0.00e+00	9.28e-01	1.18e-03	1.32e-03
 3.06007e+18	9.33e-01	6.65e-02	2.27e-06	0.00e+00	0.00e+00	0.00e+00	0.00e+00	0.00e+00	0.00e+00	9.31e-01	1.16e-03	1.31e-03
 3.06097e+18	9.36e-01	6.36e-02	2.08e-06	0.00e+00	0.00e+00	0.00e+00	0.00e+00	0.00e+00	0.00e+00	9.34e-01	1.14e-03	1.29e-03
 3.06189e+18	9.39e-01	6.09e-02	1.91e-06	0.00e+00	0.00e+00	0.00e+00	0.00e+00	0.00e+00	0.00e+00	9.37e-01	1.13e-03	1.27e-03
 3.06281e+18	9.42e-01	5.83e-02	1.75e-06	0.00e+00	0.00e+00	0.00e+00	0.00e+00	0.00e+00	0.00e+00	9.39e-01	1.11e-03	1.25e-03
 3.06375e+18	9.44e-01	5.59e-02	1.60e-06	0.00e+00	0.00e+00	0.00e+00	0.00e+00	0.00e+00	0.00e+00	9.42e-01	1.10e-03	1.23e-03
 3.06470e+18	9.47e-01	5.35e-02	1.47e-06	0.00e+00	0.00e+00	0.00e+00	0.00e+00	0.00e+00	0.00e+00	9.44e-01	1.09e-03	1.21e-03
 3.06565e+18	9.49e-01	5.12e-02	1.34e-06	0.00e+00	0.00e+00	0.00e+00	0.00e+00	0.00e+00	0.00e+00	9.47e-01	1.07e-03	1.19e-03
 3.06663e+18	9.51e-01	4.90e-02	1.23e-06	0.00e+00	0.00e+00	0.00e+00	0.00e+00	0.00e+00	0.00e+00	9.49e-01	1.06e-03	1.18e-03
 3.06761e+18	9.53e-01	4.69e-02	1.13e-06	0.00e+00	0.00e+00	0.00e+00	0.00e+00	0.00e+00	0.00e+00	9.51e-01	1.05e-03	1.16e-03
 3.06860e+18	9.55e-01	4.50e-02	1.03e-06	0.00e+00	0.00e+00	0.00e+00	0.00e+00	0.00e+00	0.00e+00	9.53e-01	1.03e-03	1.15e-03
 3.06961e+18	9.57e-01	4.31e-02	9.43e-07	0.00e+00	0.00e+00	0.00e+00	0.00e+00	0.00e+00	0.00e+00	9.55e-01	1.02e-03	1.13e-03
 3.07062e+18	9.59e-01	4.12e-02	8.64e-07	0.00e+00	0.00e+00	0.00e+00	0.00e+00	0.00e+00	0.00e+00	9.57e-01	1.01e-03	1.12e-03
 3.07165e+18	9.61e-01	3.95e-02	7.90e-07	0.00e+00	0.00e+00	0.00e+00	0.00e+00	0.00e+00	0.00e+00	9.58e-01	1.00e-03	1.10e-03
 3.07269e+18	9.62e-01	3.78e-02	7.23e-07	0.00e+00	0.00e+00	0.00e+00	0.00e+00	0.00e+00	0.00e+00	9.60e-01	9.89e-04	1.09e-03
 3.07374e+18	9.64e-01	3.63e-02	6.62e-07	0.00e+00	0.00e+00	0.00e+00	0.00e+00	0.00e+00	0.00e+00	9.62e-01	9.79e-04	1.08e-03
 3.07479e+18	9.65e-01	3.47e-02	6.06e-07	0.00e+00	0.00e+00	0.00e+00	0.00e+00	0.00e+00	0.00e+00	9.63e-01	9.69e-04	1.06e-03
 3.07585e+18	9.67e-01	3.33e-02	5.55e-07	0.00e+00	0.00e+00	0.00e+00	0.00e+00	0.00e+00	0.00e+00	9.65e-01	9.60e-04	1.05e-03
 3.07692e+18	9.68e-01	3.19e-02	5.08e-07	0.00e+00	0.00e+00	0.00e+00	0.00e+00	0.00e+00	0.00e+00	9.66e-01	9.51e-04	1.04e-03
 3.07801e+18	9.69e-01	3.06e-02	4.65e-07	0.00e+00	0.00e+00	0.00e+00	0.00e+00	0.00e+00	0.00e+00	9.67e-01	9.42e-04	1.03e-03
 3.07910e+18	9.71e-01	2.93e-02	4.26e-07	0.00e+00	0.00e+00	0.00e+00	0.00e+00	0.00e+00	0.00e+00	9.69e-01	9.33e-04	1.02e-03
 3.08019e+18	9.72e-01	2.81e-02	3.91e-07	0.00e+00	0.00e+00	0.00e+00	0.00e+00	0.00e+00	0.00e+00	9.70e-01	9.24e-04	1.01e-03
 3.08129e+18	9.73e-01	2.69e-02	3.58e-07	0.00e+00	0.00e+00	0.00e+00	0.00e+00	0.00e+00	0.00e+00	9.71e-01	9.16e-04	9.95e-04
 3.08239e+18	9.74e-01	2.58e-02	3.28e-07	0.00e+00	0.00e+00	0.00e+00	0.00e+00	0.00e+00	0.00e+00	9.72e-01	9.09e-04	9.85e-04
 3.08349e+18	9.75e-01	2.47e-02	3.01e-07	0.00e+00	0.00e+00	0.00e+00	0.00e+00	0.00e+00	0.00e+00	9.73e-01	9.01e-04	9.75e-04
 3.08460e+18	9.76e-01	2.36e-02	2.76e-07	0.00e+00	0.00e+00	0.00e+00	0.00e+00	0.00e+00	0.00e+00	9.75e-01	8.93e-04	9.65e-04
 3.08571e+18	9.77e-01	2.26e-02	2.54e-07	0.00e+00	0.00e+00	0.00e+00	0.00e+00	0.00e+00	0.00e+00	9.76e-01	8.86e-04	9.56e-04
 3.08681e+18	9.78e-01	2.17e-02	2.34e-07	0.00e+00	0.00e+00	0.00e+00	0.00e+00	0.00e+00	0.00e+00	9.76e-01	8.79e-04	9.47e-04
 3.08790e+18	9.79e-01	2.08e-02	2.15e-07	0.00e+00	0.00e+00	0.00e+00	0.00e+00	0.00e+00	0.00e+00	9.77e-01	8.72e-04	9.38e-04
 3.08898e+18	9.80e-01	1.99e-02	1.98e-07	0.00e+00	0.00e+00	0.00e+00	0.00e+00	0.00e+00	0.00e+00	9.78e-01	8.65e-04	9.29e-04
 3.09006e+18	9.81e-01	1.90e-02	1.83e-07	0.00e+00	0.00e+00	0.00e+00	0.00e+00	0.00e+00	0.00e+00	9.79e-01	8.59e-04	9.20e-04
 3.09111e+18	9.82e-01	1.82e-02	1.69e-07	0.00e+00	0.00e+00	0.00e+00	0.00e+00	0.00e+00	0.00e+00	9.80e-01	8.52e-04	9.11e-04
 3.09210e+18	9.83e-01	1.75e-02	1.57e-07	0.00e+00	0.00e+00	0.00e+00	0.00e+00	0.00e+00	0.00e+00	9.81e-01	8.45e-04	9.03e-04
 3.09300e+18	9.83e-01	1.68e-02	1.47e-07	0.00e+00	0.00e+00	0.00e+00	0.00e+00	0.00e+00	0.00e+00	9.81e-01	8.39e-04	8.96e-04
 3.09382e+18	9.84e-01	1.62e-02	1.38e-07	0.00e+00	0.00e+00	0.00e+00	0.00e+00	0.00e+00	0.00e+00	9.82e-01	8.34e-04	8.89e-04
 3.09457e+18	9.84e-01	1.57e-02	1.31e-07	0.00e+00	0.00e+00	0.00e+00	0.00e+00	0.00e+00	0.00e+00	9.83e-01	8.29e-04	8.82e-04
 3.09527e+18	9.85e-01	1.51e-02	1.24e-07	0.00e+00	0.00e+00	0.00e+00	0.00e+00	0.00e+00	0.00e+00	9.83e-01	8.23e-04	8.76e-04
