#depth	H	H+	H2
 5.56087e+13	9.19e-05	1.00e+00	5.92e-17
 3.33652e+14	9.20e-05	1.00e+00	5.93e-17
 1.44583e+15	9.21e-05	1.00e+00	5.95e-17
 5.89452e+15	9.27e-05	1.00e+00	6.03e-17
 1.40801e+16	9.35e-05	1.00e+00	6.15e-17
 2.47214e+16	9.46e-05	1.00e+00	6.32e-17
 3.85551e+16	9.60e-05	1.00e+00	6.53e-17
 5.65389e+16	9.79e-05	1.00e+00	6.82e-17
 7.99178e+16	1.00e-04	1.00e+00	7.20e-17
 1.10310e+17	1.04e-04	1.00e+00	7.72e-17
 1.49821e+17	1.08e-04	1.00e+00	8.43e-17
 2.01184e+17	1.14e-04	1.00e+00	9.42e-17
 2.67957e+17	1.22e-04	1.00e+00	1.08e-16
 3.45933e+17	1.32e-04	1.00e+00	1.26e-16
 4.28014e+17	1.42e-04	1.00e+00	1.47e-16
 5.13378e+17	1.53e-04	1.00e+00	1.72e-16
 6.02156e+17	1.66e-04	1.00e+00	2.02e-16
 6.94486e+17	1.79e-04	1.00e+00	2.36e-16
 7.90508e+17	1.93e-04	1.00e+00	2.77e-16
 8.90372e+17	2.09e-04	1.00e+00	3.26e-16
 9.88347e+17	2.25e-04	1.00e+00	3.79e-16
 1.08718e+18	2.42e-04	1.00e+00	4.41e-16
 1.19585e+18	2.62e-04	1.00e+00	5.19e-16
 1.31193e+18	2.84e-04	1.00e+00	6.13e-16
 1.43265e+18	3.09e-04	1.00e+00	7.26e-16
 1.55820e+18	3.35e-04	1.00e+00	8.61e-16
 1.68877e+18	3.65e-04	1.00e+00	1.02e-15
 1.82457e+18	3.98e-04	1.00e+00	1.22e-15
 1.96579e+18	4.34e-04	1.00e+00	1.46e-15
 2.10624e+18	4.73e-04	1.00e+00	1.73e-15
 2.24227e+18	5.14e-04	9.99e-01	2.03e-15
 2.39015e+18	5.63e-04	9.99e-01	2.43e-15
 2.53587e+18	6.14e-04	9.99e-01	2.86e-15
 2.65689e+18	6.60e-04	9.99e-01	3.27e-15
 2.78484e+18	7.16e-04	9.99e-01	3.81e-15
 2.92638e+18	7.81e-04	9.99e-01	4.46e-15
 3.05488e+18	8.47e-04	9.99e-01	5.12e-15
 3.17035e+18	9.13e-04	9.99e-01	5.84e-15
 3.29962e+18	9.95e-04	9.99e-01	6.76e-15
 3.43732e+18	1.09e-03	9.99e-01	7.85e-15
 3.55524e+18	1.19e-03	9.99e-01	8.92e-15
 3.65919e+18	1.28e-03	9.99e-01	1.00e-14
 3.77571e+18	1.40e-03	9.99e-01	1.15e-14
 3.89951e+18	1.54e-03	9.98e-01	1.32e-14
 4.00424e+18	1.68e-03	9.98e-01	1.49e-14
 4.09449e+18	1.81e-03	9.98e-01	1.65e-14
 4.19447e+18	1.98e-03	9.98e-01	1.88e-14
 4.30055e+18	2.19e-03	9.98e-01	2.14e-14
 4.38954e+18	2.39e-03	9.98e-01	2.39e-14
 4.46499e+18	2.59e-03	9.97e-01	2.65e-14
 4.54788e+18	2.84e-03	9.97e-01	2.97e-14
 4.63604e+18	3.14e-03	9.97e-01	3.36e-14
 4.71010e+18	3.44e-03	9.97e-01	3.75e-14
 4.77251e+18	3.74e-03	9.96e-01	4.13e-14
 4.84073e+18	4.11e-03	9.96e-01	4.63e-14
 4.91355e+18	4.58e-03	9.95e-01	5.25e-14
 4.97504e+18	5.04e-03	9.95e-01	5.86e-14
 5.02683e+18	5.51e-03	9.94e-01	6.48e-14
 5.08336e+18	6.10e-03	9.94e-01	7.31e-14
 5.14398e+18	6.85e-03	9.93e-01	8.34e-14
 5.19556e+18	7.63e-03	9.92e-01	9.45e-14
 5.23921e+18	8.41e-03	9.92e-01	1.06e-13
 5.28692e+18	9.44e-03	9.91e-01	1.21e-13
 5.33845e+18	1.08e-02	9.89e-01	1.42e-13
 5.38292e+18	1.23e-02	9.88e-01	1.66e-13
 5.42051e+18	1.39e-02	9.86e-01	1.91e-13
 5.45369e+18	1.56e-02	9.84e-01	2.20e-13
 5.48442e+18	1.75e-02	9.82e-01	2.54e-13
 5.51945e+18	2.02e-02	9.80e-01	3.04e-13
 5.55720e+18	2.40e-02	9.76e-01	3.80e-13
 5.58889e+18	2.85e-02	9.72e-01	4.72e-13
 5.61401e+18	3.31e-02	9.67e-01	5.76e-13
 5.63652e+18	3.84e-02	9.62e-01	7.08e-13
 5.65712e+18	4.48e-02	9.55e-01	8.78e-13
 5.67445e+18	5.17e-02	9.48e-01	1.08e-12
 5.68925e+18	5.94e-02	9.41e-01	1.32e-12
 5.70262e+18	6.80e-02	9.32e-01	1.63e-12
 5.71509e+18	7.80e-02	9.22e-01	2.02e-12
 5.72661e+18	8.95e-02	9.10e-01	2.52e-12
 5.73711e+18	1.03e-01	8.97e-01	3.18e-12
 5.74662e+18	1.18e-01	8.82e-01	4.04e-12
 5.75516e+18	1.35e-01	8.65e-01	5.12e-12
 5.76292e+18	1.53e-01	8.47e-01	6.46e-12
 5.77019e+18	1.74e-01	8.26e-01	8.30e-12
 5.77695e+18	1.97e-01	8.03e-01	1.06e-11
 5.78317e+18	2.22e-01	7.78e-01	1.36e-11
 5.78903e+18	2.49e-01	7.51e-01	1.73e-11
 5.79459e+18	2.78e-01	7.22e-01	2.22e-11
 5.79985e+18	3.09e-01	6.91e-01	2.82e-11
 5.80477e+18	3.41e-01	6.59e-01	3.55e-11
 5.80928e+18	3.72e-01	6.28e-01	4.40e-11
 5.81327e+18	4.01e-01	5.99e-01	5.32e-11
 5.81683e+18	4.27e-01	5.73e-01	6.28e-11
 5.82020e+18	4.52e-01	5.48e-01	7.32e-11
 5.82347e+18	4.77e-01	5.23e-01	8.47e-11
 5.82659e+18	5.00e-01	5.00e-01	9.68e-11
 5.82952e+18	5.21e-01	4.79e-01	1.09e-10
 5.83234e+18	5.41e-01	4.59e-01	1.22e-10
 5.83466e+18	5.57e-01	4.43e-01	1.34e-10
 5.83631e+18	5.67e-01	4.33e-01	1.42e-10
 5.83792e+18	5.78e-01	4.22e-01	1.51e-10
 5.83981e+18	5.89e-01	4.11e-01	1.61e-10
 5.84193e+18	6.03e-01	3.97e-01	1.74e-10
 5.84405e+18	6.16e-01	3.84e-01	1.87e-10
 5.84602e+18	6.27e-01	3.73e-01	1.99e-10
 5.84797e+18	6.39e-01	3.61e-01	2.12e-10
 5.85002e+18	6.50e-01	3.50e-01	2.26e-10
 5.85215e+18	6.62e-01	3.38e-01	2.42e-10
 5.85429e+18	6.73e-01	3.27e-01	2.57e-10
 5.85643e+18	6.84e-01	3.16e-01	2.74e-10
 5.85861e+18	6.95e-01	3.05e-01	2.92e-10
 5.86079e+18	7.06e-01	2.94e-01	3.10e-10
 5.86300e+18	7.16e-01	2.84e-01	3.29e-10
 5.86526e+18	7.26e-01	2.74e-01	3.50e-10
 5.86755e+18	7.36e-01	2.64e-01	3.71e-10
 5.86985e+18	7.46e-01	2.54e-01	3.94e-10
 5.87216e+18	7.55e-01	2.45e-01	4.16e-10
 5.87451e+18	7.65e-01	2.35e-01	4.43e-10
 5.87687e+18	7.74e-01	2.26e-01	4.67e-10
 5.87924e+18	7.83e-01	2.17e-01	4.94e-10
 5.88164e+18	7.91e-01	2.09e-01	5.21e-10
 5.88407e+18	8.00e-01	2.00e-01	5.52e-10
 5.88650e+18	8.08e-01	1.92e-01	5.81e-10
 5.88891e+18	8.15e-01	1.85e-01	6.13e-10
 5.89136e+18	8.23e-01	1.77e-01	6.45e-10
 5.89382e+18	8.30e-01	1.70e-01	6.80e-10
 5.89625e+18	8.37e-01	1.63e-01	7.12e-10
 5.89865e+18	8.44e-01	1.56e-01	7.51e-10
 5.90104e+18	8.50e-01	1.50e-01	7.86e-10
 5.90344e+18	8.56e-01	1.44e-01	8.24e-10
 5.90582e+18	8.62e-01	1.38e-01	8.60e-10
 5.90815e+18	8.68e-01	1.32e-01	9.03e-10
 5.91047e+18	8.73e-01	1.27e-01	9.41e-10
 5.91280e+18	8.78e-01	1.22e-01	9.84e-10
 5.91511e+18	8.83e-01	1.17e-01	1.02e-09
 5.91736e+18	8.88e-01	1.12e-01	1.07e-09
 5.91961e+18	8.92e-01	1.08e-01	1.11e-09
 5.92186e+18	8.97e-01	1.03e-01	1.16e-09
 5.92410e+18	9.01e-01	9.93e-02	1.20e-09
 5.92631e+18	9.05e-01	9.54e-02	1.25e-09
 5.92849e+18	9.08e-01	9.17e-02	1.29e-09
 5.93064e+18	9.12e-01	8.81e-02	1.35e-09
 5.93281e+18	9.15e-01	8.47e-02	1.39e-09
 5.93497e+18	9.19e-01	8.13e-02	1.45e-09
 5.93710e+18	9.22e-01	7.81e-02	1.50e-09
 5.93922e+18	9.25e-01	7.51e-02	1.55e-09
 5.94131e+18	9.28e-01	7.22e-02	1.60e-09
 5.94339e+18	9.31e-01	6.94e-02	1.66e-09
 5.94548e+18	9.33e-01	6.68e-02	1.71e-09
 5.94755e+18	9.36e-01	6.41e-02	1.78e-09
 5.94961e+18	9.38e-01	6.17e-02	1.83e-09
 5.95164e+18	9.41e-01	5.93e-02	1.90e-09
 5.95368e+18	9.43e-01	5.71e-02	1.96e-09
 5.95570e+18	9.45e-01	5.49e-02	2.03e-09
 5.95771e+18	9.47e-01	5.28e-02	2.08e-09
 5.95971e+18	9.49e-01	5.08e-02	2.16e-09
 5.96173e+18	9.51e-01	4.89e-02	2.23e-09
 5.96372e+18	9.53e-01	4.70e-02	2.31e-09
 5.96568e+18	9.55e-01	4.52e-02	2.38e-09
 5.96764e+18	9.56e-01	4.35e-02	2.47e-09
 5.96960e+18	9.58e-01	4.19e-02	2.54e-09
 5.97156e+18	9.60e-01	4.03e-02	2.64e-09
 5.97353e+18	9.61e-01	3.88e-02	2.73e-09
 5.97546e+18	9.63e-01	3.73e-02	2.83e-09
 5.97737e+18	9.64e-01	3.59e-02	2.93e-09
 5.97928e+18	9.65e-01	3.46e-02	3.05e-09
 5.98120e+18	9.67e-01	3.33e-02	3.17e-09
 5.98311e+18	9.68e-01	3.20e-02	3.30e-09
 5.98499e+18	9.69e-01	3.08e-02	3.44e-09
 5.98687e+18	9.70e-01	2.96e-02	3.60e-09
 5.98874e+18	9.71e-01	2.85e-02	3.77e-09
 5.99060e+18	9.73e-01	2.74e-02	3.96e-09
 5.99244e+18	9.74e-01	2.64e-02	4.18e-09
 5.99427e+18	9.75e-01	2.54e-02	4.41e-09
 5.99607e+18	9.76e-01	2.44e-02	4.68e-09
 5.99784e+18	9.76e-01	2.35e-02	5.00e-09
 5.99961e+18	9.77e-01	2.26e-02	5.37e-09
 6.00135e+18	9.78e-01	2.17e-02	5.81e-09
 6.00306e+18	9.79e-01	2.09e-02	6.33e-09
 6.00473e+18	9.80e-01	2.00e-02	6.93e-09
 6.00637e+18	9.81e-01	1.92e-02	7.65e-09
