#depth	O	O+	O+2	O+3	O+4	O+5	O+6	O+7	O+8	O[1]	O[2]	O[3]
 1.15259e+14	4.97e-09	5.50e-04	6.74e-01	3.22e-01	3.24e-03	3.19e-07	0.00e+00	0.00e+00	0.00e+00	4.84e-09	5.91e-11	6.38e-11
 6.91556e+14	4.98e-09	5.51e-04	6.75e-01	3.21e-01	3.22e-03	3.16e-07	0.00e+00	0.00e+00	0.00e+00	4.86e-09	5.92e-11	6.40e-11
 2.99674e+15	5.00e-09	5.54e-04	6.78e-01	3.18e-01	3.17e-03	3.11e-07	0.00e+00	0.00e+00	0.00e+00	4.88e-09	5.95e-11	6.43e-11
 1.22175e+16	5.09e-09	5.64e-04	6.89e-01	3.07e-01	2.99e-03	2.91e-07	0.00e+00	0.00e+00	0.00e+00	4.97e-09	6.04e-11	6.54e-11
 2.91837e+16	5.23e-09	5.80e-04	7.04e-01	2.92e-01	2.73e-03	2.61e-07	0.00e+00	0.00e+00	0.00e+00	5.10e-09	6.17e-11	6.68e-11
 5.12397e+16	5.42e-09	6.02e-04	7.24e-01	2.73e-01	2.43e-03	2.27e-07	0.00e+00	0.00e+00	0.00e+00	5.29e-09	6.36e-11	6.90e-11
 7.99125e+16	5.69e-09	6.30e-04	7.49e-01	2.48e-01	2.07e-03	1.88e-07	0.00e+00	0.00e+00	0.00e+00	5.56e-09	6.62e-11	7.20e-11
 1.17187e+17	6.06e-09	6.67e-04	7.81e-01	2.16e-01	1.65e-03	1.45e-07	0.00e+00	0.00e+00	0.00e+00	5.91e-09	6.97e-11	7.60e-11
 1.65644e+17	6.53e-09	7.14e-04	8.22e-01	1.77e-01	1.20e-03	0.00e+00	0.00e+00	0.00e+00	0.00e+00	6.38e-09	7.44e-11	8.13e-11
 2.28639e+17	7.16e-09	7.73e-04	8.68e-01	1.30e-01	7.50e-04	0.00e+00	0.00e+00	0.00e+00	0.00e+00	6.99e-09	8.04e-11	8.82e-11
 3.10531e+17	7.95e-09	8.43e-04	9.17e-01	8.19e-02	3.72e-04	0.00e+00	0.00e+00	0.00e+00	0.00e+00	7.76e-09	8.80e-11	9.68e-11
 4.16991e+17	8.92e-09	9.19e-04	9.57e-01	4.20e-02	1.35e-04	0.00e+00	0.00e+00	0.00e+00	0.00e+00	8.72e-09	9.72e-11	1.07e-10
 5.48412e+17	1.01e-08	9.94e-04	9.81e-01	1.84e-02	3.73e-05	0.00e+00	0.00e+00	0.00e+00	0.00e+00	9.86e-09	1.08e-10	1.19e-10
 7.08846e+17	1.15e-08	1.07e-03	9.91e-01	7.75e-03	8.86e-06	0.00e+00	0.00e+00	0.00e+00	0.00e+00	1.13e-08	1.21e-10	1.34e-10
 9.13975e+17	1.34e-08	1.16e-03	9.96e-01	3.15e-03	1.77e-06	0.00e+00	0.00e+00	0.00e+00	0.00e+00	1.31e-08	1.38e-10	1.53e-10
 1.15842e+18	1.60e-08	1.26e-03	9.97e-01	1.27e-03	3.20e-07	0.00e+00	0.00e+00	0.00e+00	0.00e+00	1.57e-08	1.61e-10	1.78e-10
 1.42056e+18	1.91e-08	1.37e-03	9.98e-01	5.38e-04	0.00e+00	0.00e+00	0.00e+00	0.00e+00	0.00e+00	1.87e-08	1.88e-10	2.08e-10
 1.69319e+18	2.29e-08	1.49e-03	9.98e-01	2.38e-04	0.00e+00	0.00e+00	0.00e+00	0.00e+00	0.00e+00	2.24e-08	2.20e-10	2.44e-10
 1.97672e+18	2.74e-08	1.62e-03	9.98e-01	1.12e-04	0.00e+00	0.00e+00	0.00e+00	0.00e+00	0.00e+00	2.68e-08	2.58e-10	2.86e-10
 2.26452e+18	3.27e-08	1.76e-03	9.98e-01	5.75e-05	0.00e+00	0.00e+00	0.00e+00	0.00e+00	0.00e+00	3.20e-08	3.02e-10	3.35e-10
 2.52816e+18	3.82e-08	1.89e-03	9.98e-01	3.49e-05	0.00e+00	0.00e+00	0.00e+00	0.00e+00	0.00e+00	3.75e-08	3.47e-10	3.85e-10
 2.78098e+18	4.43e-08	2.02e-03	9.98e-01	2.35e-05	0.00e+00	0.00e+00	0.00e+00	0.00e+00	0.00e+00	4.34e-08	3.98e-10	4.41e-10
 3.05907e+18	5.18e-08	2.18e-03	9.98e-01	1.68e-05	0.00e+00	0.00e+00	0.00e+00	0.00e+00	0.00e+00	5.09e-08	4.60e-10	5.10e-10
 3.36498e+18	6.14e-08	2.36e-03	9.98e-01	1.28e-05	0.00e+00	0.00e+00	0.00e+00	0.00e+00	0.00e+00	6.03e-08	5.37e-10	5.95e-10
 3.70148e+18	7.36e-08	2.56e-03	9.97e-01	1.02e-05	0.00e+00	0.00e+00	0.00e+00	0.00e+00	0.00e+00	7.23e-08	6.36e-10	7.04e-10
 4.06320e+18	8.89e-08	2.79e-03	9.97e-01	8.44e-06	0.00e+00	0.00e+00	0.00e+00	0.00e+00	0.00e+00	8.74e-08	7.58e-10	8.40e-10
 4.44153e+18	1.08e-07	3.05e-03	9.97e-01	7.19e-06	0.00e+00	0.00e+00	0.00e+00	0.00e+00	0.00e+00	1.06e-07	9.07e-10	1.00e-09
 4.83499e+18	1.31e-07	3.34e-03	9.97e-01	6.22e-06	0.00e+00	0.00e+00	0.00e+00	0.00e+00	0.00e+00	1.29e-07	1.09e-09	1.21e-09
 5.24420e+18	1.59e-07	3.65e-03	9.96e-01	5.43e-06	0.00e+00	0.00e+00	0.00e+00	0.00e+00	0.00e+00	1.57e-07	1.31e-09	1.45e-09
 5.66977e+18	1.95e-07	4.00e-03	9.96e-01	4.77e-06	0.00e+00	0.00e+00	0.00e+00	0.00e+00	0.00e+00	1.91e-07	1.59e-09	1.76e-09
 6.11237e+18	2.38e-07	4.39e-03	9.96e-01	4.20e-06	0.00e+00	0.00e+00	0.00e+00	0.00e+00	0.00e+00	2.34e-07	1.92e-09	2.13e-09
 6.57266e+18	2.92e-07	4.81e-03	9.95e-01	3.71e-06	0.00e+00	0.00e+00	0.00e+00	0.00e+00	0.00e+00	2.87e-07	2.34e-09	2.59e-09
 7.05137e+18	3.60e-07	5.29e-03	9.95e-01	3.29e-06	0.00e+00	0.00e+00	0.00e+00	0.00e+00	0.00e+00	3.54e-07	2.87e-09	3.17e-09
 7.54923e+18	4.45e-07	5.82e-03	9.94e-01	2.91e-06	0.00e+00	0.00e+00	0.00e+00	0.00e+00	0.00e+00	4.37e-07	3.52e-09	3.89e-09
 8.06701e+18	5.52e-07	6.41e-03	9.94e-01	2.58e-06	0.00e+00	0.00e+00	0.00e+00	0.00e+00	0.00e+00	5.43e-07	4.34e-09	4.80e-09
 8.60549e+18	6.89e-07	7.07e-03	9.93e-01	2.29e-06	0.00e+00	0.00e+00	0.00e+00	0.00e+00	0.00e+00	6.78e-07	5.38e-09	5.95e-09
 9.16552e+18	8.64e-07	7.81e-03	9.92e-01	2.04e-06	0.00e+00	0.00e+00	0.00e+00	0.00e+00	0.00e+00	8.50e-07	6.71e-09	7.43e-09
 9.74794e+18	1.09e-06	8.65e-03	9.91e-01	1.81e-06	0.00e+00	0.00e+00	0.00e+00	0.00e+00	0.00e+00	1.07e-06	8.43e-09	9.33e-09
 1.03537e+19	1.39e-06	9.61e-03	9.90e-01	1.61e-06	0.00e+00	0.00e+00	0.00e+00	0.00e+00	0.00e+00	1.37e-06	1.07e-08	1.18e-08
 1.09836e+19	1.79e-06	1.07e-02	9.89e-01	1.43e-06	0.00e+00	0.00e+00	0.00e+00	0.00e+00	0.00e+00	1.76e-06	1.37e-08	1.51e-08
 1.16255e+19	2.32e-06	1.19e-02	9.88e-01	1.27e-06	0.00e+00	0.00e+00	0.00e+00	0.00e+00	0.00e+00	2.28e-06	1.76e-08	1.95e-08
 1.22658e+19	3.01e-06	1.33e-02	9.87e-01	1.14e-06	0.00e+00	0.00e+00	0.00e+00	0.00e+00	0.00e+00	2.96e-06	2.28e-08	2.52e-08
 1.29450e+19	4.00e-06	1.50e-02	9.85e-01	1.02e-06	0.00e+00	0.00e+00	0.00e+00	0.00e+00	0.00e+00	3.94e-06	3.02e-08	3.34e-08
 1.36410e+19	5.42e-06	1.69e-02	9.83e-01	9.00e-07	0.00e+00	0.00e+00	0.00e+00	0.00e+00	0.00e+00	5.33e-06	4.08e-08	4.51e-08
 1.42908e+19	7.28e-06	1.90e-02	9.81e-01	8.08e-07	0.00e+00	0.00e+00	0.00e+00	0.00e+00	0.00e+00	7.16e-06	5.46e-08	6.03e-08
 1.49047e+19	9.80e-06	2.14e-02	9.79e-01	7.26e-07	0.00e+00	0.00e+00	0.00e+00	0.00e+00	0.00e+00	9.64e-06	7.33e-08	8.10e-08
 1.55012e+19	1.34e-05	2.42e-02	9.76e-01	6.51e-07	0.00e+00	0.00e+00	0.00e+00	0.00e+00	0.00e+00	1.32e-05	9.99e-08	1.10e-07
 1.60911e+19	1.87e-05	2.76e-02	9.72e-01	5.79e-07	0.00e+00	0.00e+00	0.00e+00	0.00e+00	0.00e+00	1.84e-05	1.39e-07	1.54e-07
 1.65710e+19	2.53e-05	3.11e-02	9.69e-01	5.22e-07	0.00e+00	0.00e+00	0.00e+00	0.00e+00	0.00e+00	2.49e-05	1.88e-07	2.07e-07
 1.68545e+19	3.07e-05	3.35e-02	9.66e-01	4.88e-07	0.00e+00	0.00e+00	0.00e+00	0.00e+00	0.00e+00	3.02e-05	2.28e-07	2.52e-07
 1.70354e+19	3.50e-05	3.53e-02	9.65e-01	4.67e-07	0.00e+00	0.00e+00	0.00e+00	0.00e+00	0.00e+00	3.44e-05	2.60e-07	2.86e-07
 1.72273e+19	4.05e-05	3.74e-02	9.63e-01	4.43e-07	0.00e+00	0.00e+00	0.00e+00	0.00e+00	0.00e+00	3.99e-05	3.01e-07	3.31e-07
 1.74767e+19	4.95e-05	4.05e-02	9.59e-01	4.11e-07	0.00e+00	0.00e+00	0.00e+00	0.00e+00	0.00e+00	4.87e-05	3.67e-07	4.05e-07
 1.77283e+19	6.16e-05	4.43e-02	9.56e-01	3.79e-07	0.00e+00	0.00e+00	0.00e+00	0.00e+00	0.00e+00	6.06e-05	4.56e-07	5.03e-07
 1.79185e+19	7.36e-05	4.76e-02	9.52e-01	3.55e-07	0.00e+00	0.00e+00	0.00e+00	0.00e+00	0.00e+00	7.25e-05	5.44e-07	6.00e-07
 1.80694e+19	8.54e-05	5.06e-02	9.49e-01	3.34e-07	0.00e+00	0.00e+00	0.00e+00	0.00e+00	0.00e+00	8.41e-05	6.32e-07	6.96e-07
 1.82335e+19	1.02e-04	5.44e-02	9.46e-01	3.12e-07	0.00e+00	0.00e+00	0.00e+00	0.00e+00	0.00e+00	1.00e-04	7.51e-07	8.28e-07
 1.84111e+19	1.24e-04	5.91e-02	9.41e-01	2.87e-07	0.00e+00	0.00e+00	0.00e+00	0.00e+00	0.00e+00	1.22e-04	9.15e-07	1.01e-06
 1.85626e+19	1.49e-04	6.38e-02	9.36e-01	2.66e-07	0.00e+00	0.00e+00	0.00e+00	0.00e+00	0.00e+00	1.47e-04	1.10e-06	1.21e-06
 1.86870e+19	1.75e-04	6.83e-02	9.32e-01	2.48e-07	0.00e+00	0.00e+00	0.00e+00	0.00e+00	0.00e+00	1.72e-04	1.29e-06	1.42e-06
 1.88025e+19	2.04e-04	7.31e-02	9.27e-01	2.31e-07	0.00e+00	0.00e+00	0.00e+00	0.00e+00	0.00e+00	2.01e-04	1.51e-06	1.66e-06
 1.89352e+19	2.48e-04	7.95e-02	9.20e-01	2.11e-07	0.00e+00	0.00e+00	0.00e+00	0.00e+00	0.00e+00	2.44e-04	1.82e-06	2.01e-06
 1.90712e+19	3.06e-04	8.71e-02	9.13e-01	1.91e-07	0.00e+00	0.00e+00	0.00e+00	0.00e+00	0.00e+00	3.01e-04	2.25e-06	2.49e-06
 1.91774e+19	3.65e-04	9.41e-02	9.06e-01	1.75e-07	0.00e+00	0.00e+00	0.00e+00	0.00e+00	0.00e+00	3.60e-04	2.68e-06	2.96e-06
 1.92630e+19	4.26e-04	1.01e-01	8.99e-01	1.62e-07	0.00e+00	0.00e+00	0.00e+00	0.00e+00	0.00e+00	4.19e-04	3.12e-06	3.45e-06
 1.93564e+19	5.08e-04	1.09e-01	8.91e-01	1.48e-07	0.00e+00	0.00e+00	0.00e+00	0.00e+00	0.00e+00	5.00e-04	3.72e-06	4.12e-06
 1.94572e+19	6.22e-04	1.19e-01	8.80e-01	1.33e-07	0.00e+00	0.00e+00	0.00e+00	0.00e+00	0.00e+00	6.12e-04	4.55e-06	5.04e-06
 1.95433e+19	7.48e-04	1.29e-01	8.70e-01	0.00e+00	0.00e+00	0.00e+00	0.00e+00	0.00e+00	0.00e+00	7.37e-04	5.47e-06	6.06e-06
 1.96146e+19	8.82e-04	1.39e-01	8.60e-01	0.00e+00	0.00e+00	0.00e+00	0.00e+00	0.00e+00	0.00e+00	8.68e-04	6.44e-06	7.13e-06
 1.96913e+19	1.06e-03	1.52e-01	8.47e-01	0.00e+00	0.00e+00	0.00e+00	0.00e+00	0.00e+00	0.00e+00	1.05e-03	7.76e-06	8.60e-06
 1.97727e+19	1.31e-03	1.67e-01	8.32e-01	0.00e+00	0.00e+00	0.00e+00	0.00e+00	0.00e+00	0.00e+00	1.29e-03	9.58e-06	1.06e-05
 1.98407e+19	1.59e-03	1.82e-01	8.17e-01	0.00e+00	0.00e+00	0.00e+00	0.00e+00	0.00e+00	0.00e+00	1.57e-03	1.16e-05	1.28e-05
 1.98969e+19	1.88e-03	1.96e-01	8.02e-01	0.00e+00	0.00e+00	0.00e+00	0.00e+00	0.00e+00	0.00e+00	1.85e-03	1.37e-05	1.52e-05
 1.99580e+19	2.28e-03	2.13e-01	7.84e-01	0.00e+00	0.00e+00	0.00e+00	0.00e+00	0.00e+00	0.00e+00	2.25e-03	1.66e-05	1.84e-05
 2.00237e+19	2.85e-03	2.36e-01	7.62e-01	0.00e+00	0.00e+00	0.00e+00	0.00e+00	0.00e+00	0.00e+00	2.80e-03	2.06e-05	2.29e-05
 2.00798e+19	3.50e-03	2.58e-01	7.39e-01	0.00e+00	0.00e+00	0.00e+00	0.00e+00	0.00e+00	0.00e+00	3.45e-03	2.53e-05	2.81e-05
 2.01264e+19	4.20e-03	2.79e-01	7.17e-01	0.00e+00	0.00e+00	0.00e+00	0.00e+00	0.00e+00	0.00e+00	4.13e-03	3.03e-05	3.37e-05
 2.01765e+19	5.16e-03	3.05e-01	6.90e-01	0.00e+00	0.00e+00	0.00e+00	0.00e+00	0.00e+00	0.00e+00	5.08e-03	3.72e-05	4.13e-05
 2.02294e+19	6.52e-03	3.37e-01	6.57e-01	0.00e+00	0.00e+00	0.00e+00	0.00e+00	0.00e+00	0.00e+00	6.42e-03	4.69e-05	5.21e-05
 2.02728e+19	8.03e-03	3.67e-01	6.25e-01	0.00e+00	0.00e+00	0.00e+00	0.00e+00	0.00e+00	0.00e+00	7.91e-03	5.76e-05	6.40e-05
 2.03076e+19	9.59e-03	3.94e-01	5.97e-01	0.00e+00	0.00e+00	0.00e+00	0.00e+00	0.00e+00	0.00e+00	9.44e-03	6.86e-05	7.63e-05
 2.03448e+19	1.17e-02	4.26e-01	5.63e-01	0.00e+00	0.00e+00	0.00e+00	0.00e+00	0.00e+00	0.00e+00	1.15e-02	8.33e-05	9.28e-05
 2.03850e+19	1.47e-02	4.64e-01	5.21e-01	0.00e+00	0.00e+00	0.00e+00	0.00e+00	0.00e+00	0.00e+00	1.45e-02	1.04e-04	1.16e-04
 2.04190e+19	1.81e-02	5.00e-01	4.82e-01	0.00e+00	0.00e+00	0.00e+00	0.00e+00	0.00e+00	0.00e+00	1.78e-02	1.28e-04	1.43e-04
 2.04468e+19	2.17e-02	5.31e-01	4.47e-01	0.00e+00	0.00e+00	0.00e+00	0.00e+00	0.00e+00	0.00e+00	2.13e-02	1.53e-04	1.70e-04
 2.04763e+19	2.64e-02	5.67e-01	4.07e-01	0.00e+00	0.00e+00	0.00e+00	0.00e+00	0.00e+00	0.00e+00	2.60e-02	1.85e-04	2.06e-04
 2.05084e+19	3.31e-02	6.06e-01	3.60e-01	0.00e+00	0.00e+00	0.00e+00	0.00e+00	0.00e+00	0.00e+00	3.27e-02	2.30e-04	2.57e-04
 2.05357e+19	4.09e-02	6.42e-01	3.17e-01	0.00e+00	0.00e+00	0.00e+00	0.00e+00	0.00e+00	0.00e+00	4.03e-02	2.82e-04	3.15e-04
 2.05579e+19	4.88e-02	6.69e-01	2.82e-01	0.00e+00	0.00e+00	0.00e+00	0.00e+00	0.00e+00	0.00e+00	4.81e-02	3.34e-04	3.73e-04
 2.05813e+19	5.91e-02	6.97e-01	2.44e-01	0.00e+00	0.00e+00	0.00e+00	0.00e+00	0.00e+00	0.00e+00	5.83e-02	4.00e-04	4.48e-04
 2.06045e+19	7.23e-02	7.22e-01	2.06e-01	0.00e+00	0.00e+00	0.00e+00	0.00e+00	0.00e+00	0.00e+00	7.12e-02	4.84e-04	5.41e-04
 2.06214e+19	8.37e-02	7.36e-01	1.80e-01	0.00e+00	0.00e+00	0.00e+00	0.00e+00	0.00e+00	0.00e+00	8.25e-02	5.54e-04	6.20e-04
 2.06347e+19	9.43e-02	7.46e-01	1.59e-01	0.00e+00	0.00e+00	0.00e+00	0.00e+00	0.00e+00	0.00e+00	9.30e-02	6.18e-04	6.92e-04
 2.06495e+19	1.08e-01	7.55e-01	1.38e-01	0.00e+00	0.00e+00	0.00e+00	0.00e+00	0.00e+00	0.00e+00	1.06e-01	6.97e-04	7.80e-04
 2.06655e+19	1.25e-01	7.59e-01	1.16e-01	0.00e+00	0.00e+00	0.00e+00	0.00e+00	0.00e+00	0.00e+00	1.23e-01	7.95e-04	8.91e-04
 2.06791e+19	1.42e-01	7.60e-01	9.87e-02	0.00e+00	0.00e+00	0.00e+00	0.00e+00	0.00e+00	0.00e+00	1.40e-01	8.90e-04	9.98e-04
 2.06902e+19	1.57e-01	7.58e-01	8.57e-02	0.00e+00	0.00e+00	0.00e+00	0.00e+00	0.00e+00	0.00e+00	1.54e-01	9.72e-04	1.09e-03
 2.07020e+19	1.75e-01	7.52e-01	7.29e-02	0.00e+00	0.00e+00	0.00e+00	0.00e+00	0.00e+00	0.00e+00	1.72e-01	1.07e-03	1.20e-03
 2.07146e+19	1.96e-01	7.43e-01	6.05e-02	0.00e+00	0.00e+00	0.00e+00	0.00e+00	0.00e+00	0.00e+00	1.94e-01	1.18e-03	1.32e-03
 2.07254e+19	2.16e-01	7.33e-01	5.13e-02	0.00e+00	0.00e+00	0.00e+00	0.00e+00	0.00e+00	0.00e+00	2.13e-01	1.27e-03	1.43e-03
 2.07347e+19	2.35e-01	7.21e-01	4.39e-02	0.00e+00	0.00e+00	0.00e+00	0.00e+00	0.00e+00	0.00e+00	2.32e-01	1.36e-03	1.53e-03
 2.07453e+19	2.58e-01	7.06e-01	3.65e-02	0.00e+00	0.00e+00	0.00e+00	0.00e+00	0.00e+00	0.00e+00	2.55e-01	1.46e-03	1.64e-03
 2.07565e+19	2.84e-01	6.86e-01	2.97e-02	0.00e+00	0.00e+00	0.00e+00	0.00e+00	0.00e+00	0.00e+00	2.81e-01	1.57e-03	1.76e-03
 2.07660e+19	3.08e-01	6.68e-01	2.47e-02	0.00e+00	0.00e+00	0.00e+00	0.00e+00	0.00e+00	0.00e+00	3.04e-01	1.66e-03	1.87e-03
 2.07743e+19	3.29e-01	6.50e-01	2.09e-02	0.00e+00	0.00e+00	0.00e+00	0.00e+00	0.00e+00	0.00e+00	3.26e-01	1.73e-03	1.95e-03
 2.07837e+19	3.55e-01	6.28e-01	1.71e-02	0.00e+00	0.00e+00	0.00e+00	0.00e+00	0.00e+00	0.00e+00	3.51e-01	1.82e-03	2.05e-03
 2.07939e+19	3.84e-01	6.02e-01	1.36e-02	0.00e+00	0.00e+00	0.00e+00	0.00e+00	0.00e+00	0.00e+00	3.80e-01	1.90e-03	2.15e-03
 2.08031e+19	4.12e-01	5.77e-01	1.10e-02	0.00e+00	0.00e+00	0.00e+00	0.00e+00	0.00e+00	0.00e+00	4.08e-01	1.97e-03	2.23e-03
 2.08112e+19	4.36e-01	5.55e-01	9.04e-03	0.00e+00	0.00e+00	0.00e+00	0.00e+00	0.00e+00	0.00e+00	4.32e-01	2.03e-03	2.29e-03
 2.08195e+19	4.62e-01	5.30e-01	7.33e-03	0.00e+00	0.00e+00	0.00e+00	0.00e+00	0.00e+00	0.00e+00	4.58e-01	2.08e-03	2.35e-03
 2.08285e+19	4.91e-01	5.03e-01	5.77e-03	0.00e+00	0.00e+00	0.00e+00	0.00e+00	0.00e+00	0.00e+00	4.87e-01	2.12e-03	2.40e-03
 2.08373e+19	5.20e-01	4.75e-01	4.54e-03	0.00e+00	0.00e+00	0.00e+00	0.00e+00	0.00e+00	0.00e+00	5.16e-01	2.15e-03	2.44e-03
 2.08446e+19	5.44e-01	4.53e-01	3.70e-03	0.00e+00	0.00e+00	0.00e+00	0.00e+00	0.00e+00	0.00e+00	5.39e-01	2.17e-03	2.46e-03
 2.08513e+19	5.64e-01	4.33e-01	3.07e-03	0.00e+00	0.00e+00	0.00e+00	0.00e+00	0.00e+00	0.00e+00	5.60e-01	2.18e-03	2.47e-03
 2.08579e+19	5.86e-01	4.12e-01	2.52e-03	0.00e+00	0.00e+00	0.00e+00	0.00e+00	0.00e+00	0.00e+00	5.81e-01	2.19e-03	2.48e-03
 2.08633e+19	6.02e-01	3.96e-01	2.15e-03	0.00e+00	0.00e+00	0.00e+00	0.00e+00	0.00e+00	0.00e+00	5.98e-01	2.18e-03	2.48e-03
 2.08669e+19	6.12e-01	3.86e-01	1.94e-03	0.00e+00	0.00e+00	0.00e+00	0.00e+00	0.00e+00	0.00e+00	6.07e-01	2.18e-03	2.47e-03
 2.08704e+19	6.22e-01	3.76e-01	1.75e-03	0.00e+00	0.00e+00	0.00e+00	0.00e+00	0.00e+00	0.00e+00	6.18e-01	2.18e-03	2.47e-03
 2.08747e+19	6.35e-01	3.63e-01	1.52e-03	0.00e+00	0.00e+00	0.00e+00	0.00e+00	0.00e+00	0.00e+00	6.31e-01	2.17e-03	2.46e-03
 2.08792e+19	6.50e-01	3.49e-01	1.31e-03	0.00e+00	0.00e+00	0.00e+00	0.00e+00	0.00e+00	0.00e+00	6.45e-01	2.16e-03	2.45e-03
 2.08832e+19	6.62e-01	3.37e-01	1.16e-03	0.00e+00	0.00e+00	0.00e+00	0.00e+00	0.00e+00	0.00e+00	6.57e-01	2.14e-03	2.43e-03
 2.08868e+19	6.72e-01	3.27e-01	1.03e-03	0.00e+00	0.00e+00	0.00e+00	0.00e+00	0.00e+00	0.00e+00	6.67e-01	2.13e-03	2.42e-03
 2.08905e+19	6.83e-01	3.16e-01	9.06e-04	0.00e+00	0.00e+00	0.00e+00	0.00e+00	0.00e+00	0.00e+00	6.79e-01	2.12e-03	2.40e-03
 2.08945e+19	6.95e-01	3.04e-01	7.91e-04	0.00e+00	0.00e+00	0.00e+00	0.00e+00	0.00e+00	0.00e+00	6.91e-01	2.10e-03	2.38e-03
 2.08983e+19	7.06e-01	2.93e-01	6.93e-04	0.00e+00	0.00e+00	0.00e+00	0.00e+00	0.00e+00	0.00e+00	7.02e-01	2.08e-03	2.36e-03
 2.09020e+19	7.17e-01	2.82e-01	6.09e-04	0.00e+00	0.00e+00	0.00e+00	0.00e+00	0.00e+00	0.00e+00	7.13e-01	2.06e-03	2.33e-03
 2.09056e+19	7.27e-01	2.73e-01	5.36e-04	0.00e+00	0.00e+00	0.00e+00	0.00e+00	0.00e+00	0.00e+00	7.23e-01	2.04e-03	2.31e-03
 2.09093e+19	7.37e-01	2.62e-01	4.68e-04	0.00e+00	0.00e+00	0.00e+00	0.00e+00	0.00e+00	0.00e+00	7.33e-01	2.01e-03	2.28e-03
 2.09130e+19	7.47e-01	2.52e-01	4.09e-04	0.00e+00	0.00e+00	0.00e+00	0.00e+00	0.00e+00	0.00e+00	7.43e-01	1.99e-03	2.26e-03
 2.09166e+19	7.57e-01	2.42e-01	3.58e-04	0.00e+00	0.00e+00	0.00e+00	0.00e+00	0.00e+00	0.00e+00	7.53e-01	1.96e-03	2.23e-03
 2.09202e+19	7.66e-01	2.33e-01	3.14e-04	0.00e+00	0.00e+00	0.00e+00	0.00e+00	0.00e+00	0.00e+00	7.62e-01	1.94e-03	2.20e-03
 2.09238e+19	7.76e-01	2.24e-01	2.74e-04	0.00e+00	0.00e+00	0.00e+00	0.00e+00	0.00e+00	0.00e+00	7.72e-01	1.91e-03	2.17e-03
 2.09274e+19	7.85e-01	2.15e-01	2.39e-04	0.00e+00	0.00e+00	0.00e+00	0.00e+00	0.00e+00	0.00e+00	7.81e-01	1.88e-03	2.14e-03
 2.09309e+19	7.93e-01	2.07e-01	2.08e-04	0.00e+00	0.00e+00	0.00e+00	0.00e+00	0.00e+00	0.00e+00	7.89e-01	1.85e-03	2.10e-03
 2.09344e+19	8.01e-01	1.98e-01	1.82e-04	0.00e+00	0.00e+00	0.00e+00	0.00e+00	0.00e+00	0.00e+00	7.98e-01	1.82e-03	2.07e-03
 2.09379e+19	8.10e-01	1.90e-01	1.58e-04	0.00e+00	0.00e+00	0.00e+00	0.00e+00	0.00e+00	0.00e+00	8.06e-01	1.79e-03	2.03e-03
 2.09414e+19	8.18e-01	1.82e-01	1.38e-04	0.00e+00	0.00e+00	0.00e+00	0.00e+00	0.00e+00	0.00e+00	8.14e-01	1.76e-03	2.00e-03
 2.09448e+19	8.25e-01	1.75e-01	1.20e-04	0.00e+00	0.00e+00	0.00e+00	0.00e+00	0.00e+00	0.00e+00	8.21e-01	1.73e-03	1.96e-03
 2.09483e+19	8.32e-01	1.68e-01	1.04e-04	0.00e+00	0.00e+00	0.00e+00	0.00e+00	0.00e+00	0.00e+00	8.29e-01	1.70e-03	1.93e-03
 2.09517e+19	8.40e-01	1.60e-01	9.04e-05	0.00e+00	0.00e+00	0.00e+00	0.00e+00	0.00e+00	0.00e+00	8.36e-01	1.67e-03	1.89e-03
 2.09551e+19	8.46e-01	1.53e-01	7.85e-05	0.00e+00	0.00e+00	0.00e+00	0.00e+00	0.00e+00	0.00e+00	8.43e-01	1.64e-03	1.86e-03
 2.09585e+19	8.53e-01	1.47e-01	6.82e-05	0.00e+00	0.00e+00	0.00e+00	0.00e+00	0.00e+00	0.00e+00	8.50e-01	1.61e-03	1.83e-03
 2.09619e+19	8.59e-01	1.41e-01	5.93e-05	0.00e+00	0.00e+00	0.00e+00	0.00e+00	0.00e+00	0.00e+00	8.56e-01	1.59e-03	1.80e-03
 2.09652e+19	8.65e-01	1.35e-01	5.14e-05	0.00e+00	0.00e+00	0.00e+00	0.00e+00	0.00e+00	0.00e+00	8.62e-01	1.56e-03	1.76e-03
 2.09685e+19	8.71e-01	1.29e-01	4.47e-05	0.00e+00	0.00e+00	0.00e+00	0.00e+00	0.00e+00	0.00e+00	8.68e-01	1.53e-03	1.73e-03
 2.09717e+19	8.77e-01	1.23e-01	3.89e-05	0.00e+00	0.00e+00	0.00e+00	0.00e+00	0.00e+00	0.00e+00	8.73e-01	1.50e-03	1.70e-03
 2.09749e+19	8.82e-01	1.18e-01	3.39e-05	0.00e+00	0.00e+00	0.00e+00	0.00e+00	0.00e+00	0.00e+00	8.79e-01	1.48e-03	1.67e-03
 2.09781e+19	8.87e-01	1.13e-01	2.95e-05	0.00e+00	0.00e+00	0.00e+00	0.00e+00	0.00e+00	0.00e+00	8.84e-01	1.45e-03	1.64e-03
 2.09812e+19	8.92e-01	1.08e-01	2.58e-05	0.00e+00	0.00e+00	0.00e+00	0.00e+00	0.00e+00	0.00e+00	8.88e-01	1.43e-03	1.61e-03
 2.09843e+19	8.96e-01	1.04e-01	2.25e-05	0.00e+00	0.00e+00	0.00e+00	0.00e+00	0.00e+00	0.00e+00	8.93e-01	1.41e-03	1.59e-03
 2.09873e+19	9.00e-01	9.97e-02	1.97e-05	0.00e+00	0.00e+00	0.00e+00	0.00e+00	0.00e+00	0.00e+00	8.97e-01	1.38e-03	1.56e-03
 2.09903e+19	9.04e-01	9.55e-02	1.72e-05	0.00e+00	0.00e+00	0.00e+00	0.00e+00	0.00e+00	0.00e+00	9.02e-01	1.36e-03	1.53e-03
 2.09933e+19	9.08e-01	9.16e-02	1.51e-05	0.00e+00	0.00e+00	0.00e+00	0.00e+00	0.00e+00	0.00e+00	9.06e-01	1.34e-03	1.51e-03
 2.09962e+19	9.12e-01	8.78e-02	1.32e-05	0.00e+00	0.00e+00	0.00e+00	0.00e+00	0.00e+00	0.00e+00	9.09e-01	1.32e-03	1.49e-03
 2.09991e+19	9.16e-01	8.43e-02	1.16e-05	0.00e+00	0.00e+00	0.00e+00	0.00e+00	0.00e+00	0.00e+00	9.13e-01	1.30e-03	1.46e-03
 2.10019e+19	9.19e-01	8.08e-02	1.02e-05	0.00e+00	0.00e+00	0.00e+00	0.00e+00	0.00e+00	0.00e+00	9.16e-01	1.28e-03	1.44e-03
 2.10048e+19	9.22e-01	7.75e-02	8.94e-06	0.00e+00	0.00e+00	0.00e+00	0.00e+00	0.00e+00	0.00e+00	9.20e-01	1.26e-03	1.42e-03
 2.10076e+19	9.26e-01	7.44e-02	7.86e-06	0.00e+00	0.00e+00	0.00e+00	0.00e+00	0.00e+00	0.00e+00	9.23e-01	1.25e-03	1.40e-03
 2.10104e+19	9.29e-01	7.15e-02	6.92e-06	0.00e+00	0.00e+00	0.00e+00	0.00e+00	0.00e+00	0.00e+00	9.26e-01	1.23e-03	1.38e-03
 2.10131e+19	9.31e-01	6.86e-02	6.10e-06	0.00e+00	0.00e+00	0.00e+00	0.00e+00	0.00e+00	0.00e+00	9.29e-01	1.21e-03	1.36e-03
 2.10158e+19	9.34e-01	6.59e-02	5.37e-06	0.00e+00	0.00e+00	0.00e+00	0.00e+00	0.00e+00	0.00e+00	9.32e-01	1.20e-03	1.34e-03
 2.10186e+19	9.37e-01	6.32e-02	4.73e-06	0.00e+00	0.00e+00	0.00e+00	0.00e+00	0.00e+00	0.00e+00	9.34e-01	1.18e-03	1.32e-03
 2.10212e+19	9.39e-01	6.07e-02	4.17e-06	0.00e+00	0.00e+00	0.00e+00	0.00e+00	0.00e+00	0.00e+00	9.37e-01	1.17e-03	1.31e-03
 2.10239e+19	9.42e-01	5.84e-02	3.69e-06	0.00e+00	0.00e+00	0.00e+00	0.00e+00	0.00e+00	0.00e+00	9.39e-01	1.15e-03	1.29e-03
 2.10265e+19	9.44e-01	5.61e-02	3.26e-06	0.00e+00	0.00e+00	0.00e+00	0.00e+00	0.00e+00	0.00e+00	9.41e-01	1.14e-03	1.27e-03
 2.10291e+19	9.46e-01	5.39e-02	2.88e-06	0.00e+00	0.00e+00	0.00e+00	0.00e+00	0.00e+00	0.00e+00	9.44e-01	1.13e-03	1.26e-03
 2.10317e+19	9.48e-01	5.18e-02	2.55e-06	0.00e+00	0.00e+00	0.00e+00	0.00e+00	0.00e+00	0.00e+00	9.46e-01	1.11e-03	1.24e-03
 2.10343e+19	9.50e-01	4.98e-02	2.25e-06	0.00e+00	0.00e+00	0.00e+00	0.00e+00	0.00e+00	0.00e+00	9.48e-01	1.10e-03	1.23e-03
 2.10369e+19	9.52e-01	4.79e-02	2.00e-06	0.00e+00	0.00e+00	0.00e+00	0.00e+00	0.00e+00	0.00e+00	9.50e-01	1.09e-03	1.22e-03
 2.10394e+19	9.54e-01	4.60e-02	1.77e-06	0.00e+00	0.00e+00	0.00e+00	0.00e+00	0.00e+00	0.00e+00	9.52e-01	1.08e-03	1.20e-03
 2.10419e+19	9.56e-01	4.43e-02	1.57e-06	0.00e+00	0.00e+00	0.00e+00	0.00e+00	0.00e+00	0.00e+00	9.53e-01	1.07e-03	1.19e-03
 2.10445e+19	9.57e-01	4.26e-02	1.39e-06	0.00e+00	0.00e+00	0.00e+00	0.00e+00	0.00e+00	0.00e+00	9.55e-01	1.06e-03	1.18e-03
 2.10470e+19	9.59e-01	4.10e-02	1.23e-06	0.00e+00	0.00e+00	0.00e+00	0.00e+00	0.00e+00	0.00e+00	9.57e-01	1.05e-03	1.16e-03
 2.10495e+19	9.61e-01	3.94e-02	1.10e-06	0.00e+00	0.00e+00	0.00e+00	0.00e+00	0.00e+00	0.00e+00	9.58e-01	1.04e-03	1.15e-03
 2.10519e+19	9.62e-01	3.79e-02	9.75e-07	0.00e+00	0.00e+00	0.00e+00	0.00e+00	0.00e+00	0.00e+00	9.60e-01	1.03e-03	1.14e-03
 2.10544e+19	9.64e-01	3.65e-02	8.66e-07	0.00e+00	0.00e+00	0.00e+00	0.00e+00	0.00e+00	0.00e+00	9.61e-01	1.02e-03	1.13e-03
 2.10569e+19	9.65e-01	3.51e-02	7.69e-07	0.00e+00	0.00e+00	0.00e+00	0.00e+00	0.00e+00	0.00e+00	9.63e-01	1.01e-03	1.12e-03
 2.10593e+19	9.66e-01	3.37e-02	6.84e-07	0.00e+00	0.00e+00	0.00e+00	0.00e+00	0.00e+00	0.00e+00	9.64e-01	1.00e-03	1.11e-03
 2.10617e+19	9.67e-01	3.25e-02	6.09e-07	0.00e+00	0.00e+00	0.00e+00	0.00e+00	0.00e+00	0.00e+00	9.65e-01	9.92e-04	1.10e-03
 2.10641e+19	9.69e-01	3.13e-02	5.42e-07	0.00e+00	0.00e+00	0.00e+00	0.00e+00	0.00e+00	0.00e+00	9.67e-01	9.85e-04	1.09e-03
 2.10665e+19	9.70e-01	3.01e-02	4.83e-07	0.00e+00	0.00e+00	0.00e+00	0.00e+00	0.00e+00	0.00e+00	9.68e-01	9.77e-04	1.08e-03
 2.10690e+19	9.71e-01	2.90e-02	4.30e-07	0.00e+00	0.00e+00	0.00e+00	0.00e+00	0.00e+00	0.00e+00	9.69e-01	9.70e-04	1.08e-03
 2.10714e+19	9.72e-01	2.79e-02	3.83e-07	0.00e+00	0.00e+00	0.00e+00	0.00e+00	0.00e+00	0.00e+00	9.70e-01	9.63e-04	1.07e-03
 2.10737e+19	9.73e-01	2.69e-02	3.41e-07	0.00e+00	0.00e+00	0.00e+00	0.00e+00	0.00e+00	0.00e+00	9.71e-01	9.56e-04	1.06e-03
 2.10761e+19	9.74e-01	2.59e-02	3.05e-07	0.00e+00	0.00e+00	0.00e+00	0.00e+00	0.00e+00	0.00e+00	9.72e-01	9.50e-04	1.05e-03
 2.10785e+19	9.75e-01	2.49e-02	2.72e-07	0.00e+00	0.00e+00	0.00e+00	0.00e+00	0.00e+00	0.00e+00	9.73e-01	9.44e-04	1.04e-03
 2.10809e+19	9.76e-01	2.40e-02	2.42e-07	0.00e+00	0.00e+00	0.00e+00	0.00e+00	0.00e+00	0.00e+00	9.74e-01	9.38e-04	1.04e-03
 2.10832e+19	9.77e-01	2.31e-02	2.16e-07	0.00e+00	0.00e+00	0.00e+00	0.00e+00	0.00e+00	0.00e+00	9.75e-01	9.32e-04	1.03e-03
 2.10856e+19	9.78e-01	2.23e-02	1.93e-07	0.00e+00	0.00e+00	0.00e+00	0.00e+00	0.00e+00	0.00e+00	9.76e-01	9.26e-04	1.02e-03
 2.10879e+19	9.79e-01	2.14e-02	1.73e-07	0.00e+00	0.00e+00	0.00e+00	0.00e+00	0.00e+00	0.00e+00	9.77e-01	9.21e-04	1.02e-03
 2.10903e+19	9.79e-01	2.07e-02	1.54e-07	0.00e+00	0.00e+00	0.00e+00	0.00e+00	0.00e+00	0.00e+00	9.77e-01	9.16e-04	1.01e-03
 2.10926e+19	9.80e-01	1.99e-02	1.38e-07	0.00e+00	0.00e+00	0.00e+00	0.00e+00	0.00e+00	0.00e+00	9.78e-01	9.10e-04	1.00e-03
 2.10949e+19	9.81e-01	1.92e-02	1.23e-07	0.00e+00	0.00e+00	0.00e+00	0.00e+00	0.00e+00	0.00e+00	9.79e-01	9.06e-04	9.99e-04
 2.10972e+19	9.82e-01	1.85e-02	1.10e-07	0.00e+00	0.00e+00	0.00e+00	0.00e+00	0.00e+00	0.00e+00	9.80e-01	9.01e-04	9.93e-04
 2.10996e+19	9.82e-01	1.78e-02	9.85e-08	0.00e+00	0.00e+00	0.00e+00	0.00e+00	0.00e+00	0.00e+00	9.80e-01	8.96e-04	9.88e-04
 2.11019e+19	9.83e-01	1.71e-02	8.80e-08	0.00e+00	0.00e+00	0.00e+00	0.00e+00	0.00e+00	0.00e+00	9.81e-01	8.92e-04	9.83e-04
 2.11042e+19	9.83e-01	1.65e-02	7.88e-08	0.00e+00	0.00e+00	0.00e+00	0.00e+00	0.00e+00	0.00e+00	9.82e-01	8.87e-04	9.77e-04
 2.11065e+19	9.84e-01	1.59e-02	7.05e-08	0.00e+00	0.00e+00	0.00e+00	0.00e+00	0.00e+00	0.00e+00	9.82e-01	8.83e-04	9.72e-04
