#depth	He	He+	He+2
 7.35621e+13	8.06e-05	7.41e-01	2.59e-01
 4.41373e+14	8.07e-05	7.42e-01	2.58e-01
 1.91262e+15	8.10e-05	7.42e-01	2.57e-01
 7.79758e+15	8.19e-05	7.48e-01	2.52e-01
 1.86259e+16	8.29e-05	7.49e-01	2.51e-01
 3.27028e+16	8.48e-05	7.56e-01	2.44e-01
 5.10027e+16	8.78e-05	7.72e-01	2.28e-01
 7.47925e+16	9.22e-05	7.95e-01	2.05e-01
 1.05719e+17	9.83e-05	8.28e-01	1.71e-01
 1.45924e+17	1.06e-04	8.69e-01	1.31e-01
 1.98191e+17	1.15e-04	9.13e-01	8.71e-02
 2.66137e+17	1.26e-04	9.51e-01	4.92e-02
 3.54467e+17	1.37e-04	9.76e-01	2.34e-02
 4.69296e+17	1.49e-04	9.90e-01	9.73e-03
 6.05561e+17	1.63e-04	9.96e-01	4.03e-03
 7.51140e+17	1.77e-04	9.98e-01	1.87e-03
 9.02541e+17	1.92e-04	9.99e-01	9.36e-04
 1.06000e+18	2.09e-04	9.99e-01	4.89e-04
 1.22375e+18	2.26e-04	1.00e+00	2.61e-04
 1.39406e+18	2.46e-04	1.00e+00	1.40e-04
 1.55493e+18	2.65e-04	1.00e+00	8.05e-05
 1.71042e+18	2.84e-04	1.00e+00	4.76e-05
 1.88146e+18	3.06e-04	1.00e+00	2.72e-05
 2.06961e+18	3.32e-04	1.00e+00	1.52e-05
 2.27220e+18	3.61e-04	1.00e+00	8.33e-06
 2.48444e+18	3.93e-04	1.00e+00	4.61e-06
 2.70518e+18	4.27e-04	1.00e+00	2.60e-06
 2.93474e+18	4.65e-04	1.00e+00	1.50e-06
 3.17349e+18	5.07e-04	9.99e-01	9.01e-07
 3.42178e+18	5.53e-04	9.99e-01	5.63e-07
 3.68001e+18	6.04e-04	9.99e-01	3.69e-07
 3.94856e+18	6.61e-04	9.99e-01	2.54e-07
 4.22786e+18	7.23e-04	9.99e-01	1.83e-07
 4.51833e+18	7.93e-04	9.99e-01	1.38e-07
 4.82042e+18	8.71e-04	9.99e-01	1.07e-07
 5.13459e+18	9.59e-04	9.99e-01	8.53e-08
 5.46133e+18	1.06e-03	9.99e-01	6.92e-08
 5.78947e+18	1.17e-03	9.99e-01	5.73e-08
 6.11035e+18	1.28e-03	9.99e-01	4.84e-08
 6.45574e+18	1.43e-03	9.99e-01	4.07e-08
 6.78487e+18	1.57e-03	9.98e-01	3.51e-08
 7.04471e+18	1.71e-03	9.98e-01	3.14e-08
 7.25560e+18	1.82e-03	9.98e-01	2.88e-08
 7.44219e+18	1.93e-03	9.98e-01	2.67e-08
 7.65489e+18	2.07e-03	9.98e-01	2.45e-08
 7.87678e+18	2.23e-03	9.98e-01	2.26e-08
 8.05788e+18	2.38e-03	9.98e-01	2.12e-08
 8.21069e+18	2.51e-03	9.97e-01	2.00e-08
 8.37948e+18	2.68e-03	9.97e-01	1.89e-08
 8.55891e+18	2.87e-03	9.97e-01	1.78e-08
 8.70904e+18	3.05e-03	9.97e-01	1.69e-08
 8.83440e+18	3.22e-03	9.97e-01	1.63e-08
 8.97067e+18	3.42e-03	9.97e-01	1.56e-08
 9.11496e+18	3.66e-03	9.96e-01	1.49e-08
 9.23458e+18	3.88e-03	9.96e-01	1.44e-08
 9.33367e+18	4.09e-03	9.96e-01	1.40e-08
 9.44114e+18	4.35e-03	9.96e-01	1.36e-08
 9.55544e+18	4.64e-03	9.95e-01	1.31e-08
 9.65085e+18	4.93e-03	9.95e-01	1.28e-08
 9.72995e+18	5.19e-03	9.95e-01	1.25e-08
 9.81559e+18	5.52e-03	9.94e-01	1.22e-08
 9.90689e+18	5.91e-03	9.94e-01	1.20e-08
 9.98344e+18	6.28e-03	9.94e-01	1.17e-08
 1.00471e+19	6.63e-03	9.93e-01	1.15e-08
 1.01160e+19	7.07e-03	9.93e-01	1.13e-08
 1.01898e+19	7.60e-03	9.92e-01	1.11e-08
 1.02521e+19	8.11e-03	9.92e-01	1.10e-08
 1.03043e+19	8.61e-03	9.91e-01	1.08e-08
 1.03608e+19	9.23e-03	9.91e-01	1.07e-08
 1.04216e+19	1.00e-02	9.90e-01	1.06e-08
 1.04736e+19	1.08e-02	9.89e-01	1.05e-08
 1.05169e+19	1.15e-02	9.88e-01	1.04e-08
 1.05571e+19	1.23e-02	9.88e-01	1.03e-08
 1.06034e+19	1.34e-02	9.87e-01	1.03e-08
 1.06511e+19	1.48e-02	9.85e-01	1.03e-08
 1.06884e+19	1.60e-02	9.84e-01	1.03e-08
 1.07177e+19	1.72e-02	9.83e-01	1.04e-08
 1.07489e+19	1.87e-02	9.81e-01	1.05e-08
 1.07833e+19	2.07e-02	9.79e-01	1.06e-08
 1.08132e+19	2.27e-02	9.77e-01	1.09e-08
 1.08374e+19	2.48e-02	9.75e-01	1.10e-08
 1.08590e+19	2.70e-02	9.73e-01	1.13e-08
 1.08835e+19	3.00e-02	9.70e-01	1.20e-08
 1.09074e+19	3.36e-02	9.66e-01	1.28e-08
 1.09239e+19	3.66e-02	9.63e-01	1.35e-08
 1.09358e+19	3.92e-02	9.61e-01	1.44e-08
 1.09481e+19	4.24e-02	9.58e-01	1.51e-08
 1.09617e+19	4.63e-02	9.54e-01	1.67e-08
 1.09737e+19	5.04e-02	9.50e-01	1.83e-08
 1.09836e+19	5.42e-02	9.46e-01	2.04e-08
 1.09924e+19	5.82e-02	9.42e-01	2.23e-08
 1.10024e+19	6.34e-02	9.37e-01	2.51e-08
 1.10127e+19	6.93e-02	9.31e-01	2.90e-08
 1.10209e+19	7.46e-02	9.25e-01	3.30e-08
 1.10275e+19	7.96e-02	9.20e-01	3.68e-08
 1.10349e+19	8.59e-02	9.14e-01	4.18e-08
 1.10430e+19	9.33e-02	9.07e-01	4.84e-08
 1.10502e+19	1.01e-01	8.99e-01	5.53e-08
 1.10564e+19	1.08e-01	8.92e-01	6.24e-08
 1.10629e+19	1.16e-01	8.84e-01	7.06e-08
 1.10699e+19	1.26e-01	8.74e-01	8.09e-08
 1.10766e+19	1.36e-01	8.64e-01	9.24e-08
 1.10827e+19	1.46e-01	8.54e-01	1.04e-07
 1.10883e+19	1.56e-01	8.44e-01	1.15e-07
 1.10938e+19	1.67e-01	8.33e-01	1.27e-07
 1.10992e+19	1.79e-01	8.21e-01	1.40e-07
 1.11045e+19	1.90e-01	8.10e-01	1.55e-07
 1.11088e+19	2.00e-01	8.00e-01	1.67e-07
 1.11116e+19	2.07e-01	7.93e-01	1.74e-07
 1.11144e+19	2.15e-01	7.85e-01	1.81e-07
 1.11178e+19	2.25e-01	7.75e-01	1.91e-07
 1.11215e+19	2.35e-01	7.65e-01	2.04e-07
 1.11248e+19	2.44e-01	7.56e-01	2.16e-07
 1.11279e+19	2.54e-01	7.46e-01	2.26e-07
 1.11310e+19	2.64e-01	7.36e-01	2.38e-07
 1.11343e+19	2.74e-01	7.26e-01	2.51e-07
 1.11376e+19	2.85e-01	7.15e-01	2.64e-07
 1.11408e+19	2.96e-01	7.04e-01	2.78e-07
 1.11438e+19	3.07e-01	6.93e-01	2.91e-07
 1.11470e+19	3.18e-01	6.82e-01	3.06e-07
 1.11502e+19	3.31e-01	6.69e-01	3.20e-07
 1.11533e+19	3.42e-01	6.58e-01	3.36e-07
 1.11564e+19	3.55e-01	6.45e-01	3.51e-07
 1.11595e+19	3.67e-01	6.33e-01	3.67e-07
 1.11627e+19	3.81e-01	6.19e-01	3.83e-07
 1.11657e+19	3.93e-01	6.07e-01	4.00e-07
 1.11688e+19	4.07e-01	5.93e-01	4.17e-07
 1.11719e+19	4.20e-01	5.80e-01	4.34e-07
 1.11750e+19	4.34e-01	5.66e-01	4.52e-07
 1.11780e+19	4.48e-01	5.52e-01	4.69e-07
 1.11811e+19	4.62e-01	5.38e-01	4.87e-07
 1.11841e+19	4.76e-01	5.24e-01	5.05e-07
 1.11871e+19	4.90e-01	5.10e-01	5.24e-07
 1.11901e+19	5.04e-01	4.96e-01	5.41e-07
 1.11931e+19	5.18e-01	4.82e-01	5.59e-07
 1.11960e+19	5.33e-01	4.67e-01	5.76e-07
 1.11990e+19	5.47e-01	4.53e-01	5.94e-07
 1.12018e+19	5.61e-01	4.39e-01	6.11e-07
 1.12047e+19	5.74e-01	4.26e-01	6.28e-07
 1.12075e+19	5.88e-01	4.12e-01	6.43e-07
 1.12103e+19	6.01e-01	3.99e-01	6.60e-07
 1.12131e+19	6.14e-01	3.86e-01	6.76e-07
 1.12158e+19	6.27e-01	3.73e-01	6.92e-07
 1.12184e+19	6.40e-01	3.60e-01	7.05e-07
 1.12211e+19	6.52e-01	3.48e-01	7.20e-07
 1.12238e+19	6.65e-01	3.35e-01	7.33e-07
 1.12264e+19	6.76e-01	3.24e-01	7.47e-07
 1.12290e+19	6.88e-01	3.12e-01	7.60e-07
 1.12315e+19	6.99e-01	3.01e-01	7.73e-07
 1.12340e+19	7.10e-01	2.90e-01	7.84e-07
 1.12366e+19	7.21e-01	2.79e-01	7.96e-07
 1.12391e+19	7.32e-01	2.68e-01	8.06e-07
 1.12416e+19	7.42e-01	2.58e-01	8.18e-07
 1.12440e+19	7.51e-01	2.49e-01	8.27e-07
 1.12464e+19	7.61e-01	2.39e-01	8.36e-07
 1.12489e+19	7.70e-01	2.30e-01	8.44e-07
 1.12513e+19	7.80e-01	2.20e-01	8.53e-07
 1.12537e+19	7.88e-01	2.12e-01	8.61e-07
 1.12560e+19	7.97e-01	2.03e-01	8.68e-07
 1.12584e+19	8.05e-01	1.95e-01	8.74e-07
 1.12607e+19	8.13e-01	1.87e-01	8.80e-07
 1.12631e+19	8.21e-01	1.79e-01	8.86e-07
 1.12654e+19	8.28e-01	1.72e-01	8.92e-07
 1.12677e+19	8.35e-01	1.65e-01	8.95e-07
 1.12700e+19	8.42e-01	1.58e-01	8.99e-07
 1.12723e+19	8.49e-01	1.51e-01	9.03e-07
 1.12745e+19	8.55e-01	1.45e-01	9.06e-07
 1.12768e+19	8.61e-01	1.39e-01	9.07e-07
 1.12791e+19	8.67e-01	1.33e-01	9.10e-07
 1.12813e+19	8.73e-01	1.27e-01	9.11e-07
 1.12835e+19	8.78e-01	1.22e-01	9.11e-07
 1.12858e+19	8.84e-01	1.16e-01	9.10e-07
 1.12880e+19	8.89e-01	1.11e-01	9.11e-07
 1.12902e+19	8.94e-01	1.06e-01	9.10e-07
 1.12924e+19	8.99e-01	1.01e-01	9.09e-07
 1.12946e+19	9.03e-01	9.70e-02	9.06e-07
 1.12968e+19	9.07e-01	9.26e-02	9.04e-07
 1.12990e+19	9.12e-01	8.84e-02	9.01e-07
 1.13012e+19	9.16e-01	8.44e-02	8.98e-07
 1.13034e+19	9.19e-01	8.05e-02	8.94e-07
 1.13055e+19	9.23e-01	7.69e-02	8.90e-07
 1.13077e+19	9.27e-01	7.33e-02	8.85e-07
 1.13099e+19	9.30e-01	6.99e-02	8.80e-07
 1.13120e+19	9.33e-01	6.67e-02	8.75e-07
 1.13142e+19	9.36e-01	6.36e-02	8.69e-07
 1.13163e+19	9.39e-01	6.07e-02	8.62e-07
 1.13184e+19	9.42e-01	5.79e-02	8.55e-07
 1.13206e+19	9.45e-01	5.52e-02	8.48e-07
 1.13227e+19	9.47e-01	5.26e-02	8.41e-07
 1.13248e+19	9.50e-01	5.02e-02	8.34e-07
