#depth	O	O+	O+2	O+3	O+4	O+5	O+6	O+7	O+8	O[1]	O[2]	O[3]
 2.84142e+14	8.62e-10	1.17e-04	3.83e-01	5.94e-01	2.29e-02	7.63e-06	0.00e+00	0.00e+00	0.00e+00	8.32e-10	1.45e-11	1.52e-11
 1.70485e+15	8.58e-10	1.17e-04	3.84e-01	5.93e-01	2.28e-02	7.62e-06	0.00e+00	0.00e+00	0.00e+00	8.28e-10	1.44e-11	1.51e-11
 7.38769e+15	8.59e-10	1.18e-04	3.87e-01	5.91e-01	2.26e-02	7.54e-06	0.00e+00	0.00e+00	0.00e+00	8.30e-10	1.44e-11	1.51e-11
 3.01190e+16	8.78e-10	1.21e-04	3.98e-01	5.80e-01	2.17e-02	7.19e-06	0.00e+00	0.00e+00	0.00e+00	8.48e-10	1.47e-11	1.54e-11
 7.19447e+16	8.79e-10	1.24e-04	4.12e-01	5.67e-01	2.04e-02	6.69e-06	0.00e+00	0.00e+00	0.00e+00	8.49e-10	1.46e-11	1.54e-11
 1.26318e+17	9.03e-10	1.30e-04	4.33e-01	5.48e-01	1.88e-02	6.07e-06	0.00e+00	0.00e+00	0.00e+00	8.73e-10	1.49e-11	1.57e-11
 1.97003e+17	9.51e-10	1.39e-04	4.63e-01	5.21e-01	1.68e-02	5.29e-06	0.00e+00	0.00e+00	0.00e+00	9.19e-10	1.55e-11	1.64e-11
 2.88894e+17	1.03e-09	1.53e-04	5.05e-01	4.80e-01	1.42e-02	4.32e-06	0.00e+00	0.00e+00	0.00e+00	9.99e-10	1.66e-11	1.77e-11
 4.08353e+17	1.17e-09	1.73e-04	5.69e-01	4.20e-01	1.10e-02	3.18e-06	0.00e+00	0.00e+00	0.00e+00	1.13e-09	1.85e-11	1.97e-11
 5.31652e+17	1.33e-09	1.97e-04	6.44e-01	3.48e-01	7.93e-03	2.16e-06	0.00e+00	0.00e+00	0.00e+00	1.28e-09	2.06e-11	2.20e-11
 6.23659e+17	1.46e-09	2.18e-04	7.08e-01	2.86e-01	5.78e-03	1.49e-06	0.00e+00	0.00e+00	0.00e+00	1.41e-09	2.25e-11	2.41e-11
 6.86561e+17	1.55e-09	2.32e-04	7.53e-01	2.42e-01	4.44e-03	1.10e-06	0.00e+00	0.00e+00	0.00e+00	1.50e-09	2.37e-11	2.54e-11
 7.47914e+17	1.62e-09	2.45e-04	7.95e-01	2.02e-01	3.31e-03	7.86e-07	0.00e+00	0.00e+00	0.00e+00	1.57e-09	2.46e-11	2.65e-11
 8.27673e+17	1.67e-09	2.60e-04	8.44e-01	1.54e-01	2.14e-03	4.81e-07	0.00e+00	0.00e+00	0.00e+00	1.62e-09	2.52e-11	2.71e-11
 9.13888e+17	1.69e-09	2.72e-04	8.89e-01	1.10e-01	1.25e-03	2.62e-07	0.00e+00	0.00e+00	0.00e+00	1.63e-09	2.52e-11	2.71e-11
 9.95953e+17	1.66e-09	2.81e-04	9.22e-01	7.74e-02	7.12e-04	1.39e-07	0.00e+00	0.00e+00	0.00e+00	1.61e-09	2.47e-11	2.66e-11
 1.09010e+18	1.63e-09	2.89e-04	9.48e-01	5.17e-02	3.62e-04	0.00e+00	0.00e+00	0.00e+00	0.00e+00	1.58e-09	2.39e-11	2.59e-11
 1.20325e+18	1.59e-09	2.97e-04	9.67e-01	3.24e-02	1.62e-04	0.00e+00	0.00e+00	0.00e+00	0.00e+00	1.55e-09	2.32e-11	2.51e-11
 1.32784e+18	1.58e-09	3.05e-04	9.79e-01	2.01e-02	6.87e-05	0.00e+00	0.00e+00	0.00e+00	0.00e+00	1.54e-09	2.28e-11	2.48e-11
 1.47588e+18	1.60e-09	3.13e-04	9.88e-01	1.19e-02	2.58e-05	0.00e+00	0.00e+00	0.00e+00	0.00e+00	1.56e-09	2.29e-11	2.48e-11
 1.63724e+18	1.64e-09	3.22e-04	9.93e-01	7.11e-03	9.62e-06	0.00e+00	0.00e+00	0.00e+00	0.00e+00	1.60e-09	2.31e-11	2.52e-11
 1.80096e+18	1.70e-09	3.30e-04	9.95e-01	4.34e-03	3.66e-06	0.00e+00	0.00e+00	0.00e+00	0.00e+00	1.65e-09	2.37e-11	2.58e-11
 1.98106e+18	1.77e-09	3.39e-04	9.97e-01	2.60e-03	1.33e-06	0.00e+00	0.00e+00	0.00e+00	0.00e+00	1.72e-09	2.44e-11	2.66e-11
 2.17916e+18	1.86e-09	3.48e-04	9.98e-01	1.55e-03	4.69e-07	0.00e+00	0.00e+00	0.00e+00	0.00e+00	1.81e-09	2.53e-11	2.76e-11
 2.39708e+18	1.97e-09	3.59e-04	9.99e-01	9.16e-04	1.62e-07	0.00e+00	0.00e+00	0.00e+00	0.00e+00	1.91e-09	2.64e-11	2.88e-11
 2.63679e+18	2.10e-09	3.70e-04	9.99e-01	5.52e-04	0.00e+00	0.00e+00	0.00e+00	0.00e+00	0.00e+00	2.04e-09	2.77e-11	3.02e-11
 2.90047e+18	2.24e-09	3.83e-04	9.99e-01	3.46e-04	0.00e+00	0.00e+00	0.00e+00	0.00e+00	0.00e+00	2.18e-09	2.91e-11	3.18e-11
 3.19051e+18	2.41e-09	3.98e-04	9.99e-01	2.31e-04	0.00e+00	0.00e+00	0.00e+00	0.00e+00	0.00e+00	2.35e-09	3.09e-11	3.37e-11
 3.50956e+18	2.61e-09	4.14e-04	9.99e-01	1.67e-04	0.00e+00	0.00e+00	0.00e+00	0.00e+00	0.00e+00	2.55e-09	3.29e-11	3.59e-11
 3.86052e+18	2.85e-09	4.33e-04	9.99e-01	1.30e-04	0.00e+00	0.00e+00	0.00e+00	0.00e+00	0.00e+00	2.78e-09	3.52e-11	3.85e-11
 4.24657e+18	3.13e-09	4.53e-04	9.99e-01	1.07e-04	0.00e+00	0.00e+00	0.00e+00	0.00e+00	0.00e+00	3.05e-09	3.80e-11	4.15e-11
 4.67123e+18	3.47e-09	4.77e-04	9.99e-01	9.20e-05	0.00e+00	0.00e+00	0.00e+00	0.00e+00	0.00e+00	3.38e-09	4.12e-11	4.51e-11
 5.13835e+18	3.87e-09	5.04e-04	9.99e-01	8.06e-05	0.00e+00	0.00e+00	0.00e+00	0.00e+00	0.00e+00	3.77e-09	4.50e-11	4.93e-11
 5.65219e+18	4.35e-09	5.34e-04	9.99e-01	7.13e-05	0.00e+00	0.00e+00	0.00e+00	0.00e+00	0.00e+00	4.25e-09	4.96e-11	5.43e-11
 6.21741e+18	4.94e-09	5.69e-04	9.99e-01	6.33e-05	0.00e+00	0.00e+00	0.00e+00	0.00e+00	0.00e+00	4.82e-09	5.51e-11	6.03e-11
 6.83915e+18	5.66e-09	6.09e-04	9.99e-01	5.63e-05	0.00e+00	0.00e+00	0.00e+00	0.00e+00	0.00e+00	5.53e-09	6.17e-11	6.75e-11
 7.52306e+18	6.54e-09	6.55e-04	9.99e-01	5.00e-05	0.00e+00	0.00e+00	0.00e+00	0.00e+00	0.00e+00	6.40e-09	6.97e-11	7.63e-11
 8.27537e+18	7.64e-09	7.07e-04	9.99e-01	4.44e-05	0.00e+00	0.00e+00	0.00e+00	0.00e+00	0.00e+00	7.48e-09	7.96e-11	8.71e-11
 9.09870e+18	9.02e-09	7.68e-04	9.99e-01	3.94e-05	0.00e+00	0.00e+00	0.00e+00	0.00e+00	0.00e+00	8.83e-09	9.18e-11	1.00e-10
 9.97440e+18	1.07e-08	8.36e-04	9.99e-01	3.50e-05	0.00e+00	0.00e+00	0.00e+00	0.00e+00	0.00e+00	1.05e-08	1.06e-10	1.16e-10
 1.08851e+19	1.27e-08	9.10e-04	9.99e-01	3.13e-05	0.00e+00	0.00e+00	0.00e+00	0.00e+00	0.00e+00	1.25e-08	1.24e-10	1.35e-10
 1.18323e+19	1.51e-08	9.92e-04	9.99e-01	2.80e-05	0.00e+00	0.00e+00	0.00e+00	0.00e+00	0.00e+00	1.48e-08	1.44e-10	1.58e-10
 1.27572e+19	1.78e-08	1.08e-03	9.99e-01	2.53e-05	0.00e+00	0.00e+00	0.00e+00	0.00e+00	0.00e+00	1.75e-08	1.67e-10	1.82e-10
 1.36409e+19	2.08e-08	1.16e-03	9.99e-01	2.31e-05	0.00e+00	0.00e+00	0.00e+00	0.00e+00	0.00e+00	2.04e-08	1.92e-10	2.10e-10
 1.46201e+19	2.46e-08	1.26e-03	9.99e-01	2.10e-05	0.00e+00	0.00e+00	0.00e+00	0.00e+00	0.00e+00	2.42e-08	2.24e-10	2.44e-10
 1.57167e+19	2.96e-08	1.38e-03	9.99e-01	1.89e-05	0.00e+00	0.00e+00	0.00e+00	0.00e+00	0.00e+00	2.90e-08	2.64e-10	2.88e-10
 1.68200e+19	3.54e-08	1.50e-03	9.98e-01	1.72e-05	0.00e+00	0.00e+00	0.00e+00	0.00e+00	0.00e+00	3.47e-08	3.12e-10	3.40e-10
 1.79674e+19	4.25e-08	1.64e-03	9.98e-01	1.56e-05	0.00e+00	0.00e+00	0.00e+00	0.00e+00	0.00e+00	4.18e-08	3.70e-10	4.03e-10
 1.91978e+19	5.16e-08	1.80e-03	9.98e-01	1.41e-05	0.00e+00	0.00e+00	0.00e+00	0.00e+00	0.00e+00	5.07e-08	4.43e-10	4.82e-10
 2.04775e+19	6.28e-08	1.97e-03	9.98e-01	1.27e-05	0.00e+00	0.00e+00	0.00e+00	0.00e+00	0.00e+00	6.17e-08	5.32e-10	5.80e-10
 2.18083e+19	7.69e-08	2.17e-03	9.98e-01	1.15e-05	0.00e+00	0.00e+00	0.00e+00	0.00e+00	0.00e+00	7.56e-08	6.45e-10	7.02e-10
 2.31924e+19	9.46e-08	2.39e-03	9.98e-01	1.04e-05	0.00e+00	0.00e+00	0.00e+00	0.00e+00	0.00e+00	9.30e-08	7.84e-10	8.54e-10
 2.46319e+19	1.17e-07	2.63e-03	9.97e-01	9.42e-06	0.00e+00	0.00e+00	0.00e+00	0.00e+00	0.00e+00	1.15e-07	9.63e-10	1.05e-09
 2.60972e+19	1.46e-07	2.90e-03	9.97e-01	8.52e-06	0.00e+00	0.00e+00	0.00e+00	0.00e+00	0.00e+00	1.43e-07	1.18e-09	1.29e-09
 2.76212e+19	1.83e-07	3.21e-03	9.97e-01	7.71e-06	0.00e+00	0.00e+00	0.00e+00	0.00e+00	0.00e+00	1.80e-07	1.48e-09	1.60e-09
 2.91879e+19	2.31e-07	3.55e-03	9.96e-01	6.96e-06	0.00e+00	0.00e+00	0.00e+00	0.00e+00	0.00e+00	2.27e-07	1.85e-09	2.01e-09
 3.07106e+19	2.91e-07	3.92e-03	9.96e-01	6.33e-06	0.00e+00	0.00e+00	0.00e+00	0.00e+00	0.00e+00	2.86e-07	2.31e-09	2.51e-09
 3.23442e+19	3.75e-07	4.36e-03	9.96e-01	5.71e-06	0.00e+00	0.00e+00	0.00e+00	0.00e+00	0.00e+00	3.68e-07	2.97e-09	3.22e-09
 3.40455e+19	4.92e-07	4.87e-03	9.95e-01	5.15e-06	0.00e+00	0.00e+00	0.00e+00	0.00e+00	0.00e+00	4.83e-07	3.87e-09	4.20e-09
 3.55916e+19	6.36e-07	5.39e-03	9.95e-01	4.68e-06	0.00e+00	0.00e+00	0.00e+00	0.00e+00	0.00e+00	6.26e-07	4.98e-09	5.42e-09
 3.70325e+19	8.20e-07	5.95e-03	9.94e-01	4.27e-06	0.00e+00	0.00e+00	0.00e+00	0.00e+00	0.00e+00	8.06e-07	6.40e-09	6.95e-09
 3.86684e+19	1.12e-06	6.69e-03	9.93e-01	3.84e-06	0.00e+00	0.00e+00	0.00e+00	0.00e+00	0.00e+00	1.10e-06	8.69e-09	9.45e-09
 4.04004e+19	1.59e-06	7.62e-03	9.92e-01	3.41e-06	0.00e+00	0.00e+00	0.00e+00	0.00e+00	0.00e+00	1.56e-06	1.23e-08	1.34e-08
 4.18512e+19	2.22e-06	8.59e-03	9.91e-01	3.07e-06	0.00e+00	0.00e+00	0.00e+00	0.00e+00	0.00e+00	2.18e-06	1.71e-08	1.86e-08
 4.30863e+19	3.04e-06	9.62e-03	9.90e-01	2.77e-06	0.00e+00	0.00e+00	0.00e+00	0.00e+00	0.00e+00	2.99e-06	2.35e-08	2.55e-08
 4.41293e+19	4.09e-06	1.07e-02	9.89e-01	2.52e-06	0.00e+00	0.00e+00	0.00e+00	0.00e+00	0.00e+00	4.03e-06	3.16e-08	3.44e-08
 4.49466e+19	5.31e-06	1.17e-02	9.88e-01	2.32e-06	0.00e+00	0.00e+00	0.00e+00	0.00e+00	0.00e+00	5.22e-06	4.09e-08	4.46e-08
 4.56567e+19	6.81e-06	1.28e-02	9.87e-01	2.14e-06	0.00e+00	0.00e+00	0.00e+00	0.00e+00	0.00e+00	6.70e-06	5.24e-08	5.71e-08
 4.63427e+19	8.87e-06	1.41e-02	9.86e-01	1.95e-06	0.00e+00	0.00e+00	0.00e+00	0.00e+00	0.00e+00	8.73e-06	6.82e-08	7.44e-08
 4.70056e+19	1.18e-05	1.57e-02	9.84e-01	1.77e-06	0.00e+00	0.00e+00	0.00e+00	0.00e+00	0.00e+00	1.16e-05	9.05e-08	9.87e-08
 4.76096e+19	1.58e-05	1.75e-02	9.83e-01	1.60e-06	0.00e+00	0.00e+00	0.00e+00	0.00e+00	0.00e+00	1.55e-05	1.21e-07	1.32e-07
 4.81352e+19	2.10e-05	1.95e-02	9.80e-01	1.44e-06	0.00e+00	0.00e+00	0.00e+00	0.00e+00	0.00e+00	2.06e-05	1.61e-07	1.76e-07
 4.85121e+19	2.63e-05	2.13e-02	9.79e-01	1.33e-06	0.00e+00	0.00e+00	0.00e+00	0.00e+00	0.00e+00	2.59e-05	2.01e-07	2.20e-07
 4.87419e+19	3.05e-05	2.25e-02	9.77e-01	1.25e-06	0.00e+00	0.00e+00	0.00e+00	0.00e+00	0.00e+00	3.00e-05	2.34e-07	2.56e-07
 4.89617e+19	3.55e-05	2.40e-02	9.76e-01	1.18e-06	0.00e+00	0.00e+00	0.00e+00	0.00e+00	0.00e+00	3.50e-05	2.72e-07	2.97e-07
 4.92475e+19	4.38e-05	2.61e-02	9.74e-01	1.09e-06	0.00e+00	0.00e+00	0.00e+00	0.00e+00	0.00e+00	4.31e-05	3.34e-07	3.66e-07
 4.95295e+19	5.46e-05	2.86e-02	9.71e-01	9.95e-07	0.00e+00	0.00e+00	0.00e+00	0.00e+00	0.00e+00	5.38e-05	4.17e-07	4.57e-07
 4.97334e+19	6.53e-05	3.07e-02	9.69e-01	9.25e-07	0.00e+00	0.00e+00	0.00e+00	0.00e+00	0.00e+00	6.42e-05	4.98e-07	5.45e-07
 4.98911e+19	7.55e-05	3.27e-02	9.67e-01	8.71e-07	0.00e+00	0.00e+00	0.00e+00	0.00e+00	0.00e+00	7.42e-05	5.75e-07	6.30e-07
 5.00624e+19	8.90e-05	3.51e-02	9.65e-01	8.09e-07	0.00e+00	0.00e+00	0.00e+00	0.00e+00	0.00e+00	8.76e-05	6.78e-07	7.44e-07
 5.02508e+19	1.08e-04	3.82e-02	9.62e-01	7.42e-07	0.00e+00	0.00e+00	0.00e+00	0.00e+00	0.00e+00	1.07e-04	8.24e-07	9.05e-07
 5.04147e+19	1.30e-04	4.13e-02	9.59e-01	6.83e-07	0.00e+00	0.00e+00	0.00e+00	0.00e+00	0.00e+00	1.28e-04	9.89e-07	1.09e-06
 5.05483e+19	1.53e-04	4.44e-02	9.55e-01	6.35e-07	0.00e+00	0.00e+00	0.00e+00	0.00e+00	0.00e+00	1.50e-04	1.16e-06	1.28e-06
 5.06700e+19	1.78e-04	4.75e-02	9.52e-01	5.91e-07	0.00e+00	0.00e+00	0.00e+00	0.00e+00	0.00e+00	1.76e-04	1.35e-06	1.49e-06
 5.08088e+19	2.16e-04	5.17e-02	9.48e-01	5.39e-07	0.00e+00	0.00e+00	0.00e+00	0.00e+00	0.00e+00	2.12e-04	1.63e-06	1.80e-06
 5.09519e+19	2.65e-04	5.68e-02	9.43e-01	4.88e-07	0.00e+00	0.00e+00	0.00e+00	0.00e+00	0.00e+00	2.60e-04	2.00e-06	2.20e-06
 5.10647e+19	3.16e-04	6.15e-02	9.38e-01	4.47e-07	0.00e+00	0.00e+00	0.00e+00	0.00e+00	0.00e+00	3.11e-04	2.39e-06	2.63e-06
 5.11557e+19	3.68e-04	6.60e-02	9.34e-01	4.13e-07	0.00e+00	0.00e+00	0.00e+00	0.00e+00	0.00e+00	3.62e-04	2.78e-06	3.06e-06
 5.12541e+19	4.38e-04	7.16e-02	9.28e-01	3.78e-07	0.00e+00	0.00e+00	0.00e+00	0.00e+00	0.00e+00	4.31e-04	3.30e-06	3.64e-06
 5.13603e+19	5.34e-04	7.85e-02	9.21e-01	3.40e-07	0.00e+00	0.00e+00	0.00e+00	0.00e+00	0.00e+00	5.25e-04	4.02e-06	4.44e-06
 5.14509e+19	6.42e-04	8.55e-02	9.14e-01	3.08e-07	0.00e+00	0.00e+00	0.00e+00	0.00e+00	0.00e+00	6.32e-04	4.83e-06	5.34e-06
 5.15258e+19	7.54e-04	9.22e-02	9.07e-01	2.82e-07	0.00e+00	0.00e+00	0.00e+00	0.00e+00	0.00e+00	7.42e-04	5.67e-06	6.26e-06
 5.16059e+19	9.04e-04	1.01e-01	8.99e-01	2.54e-07	0.00e+00	0.00e+00	0.00e+00	0.00e+00	0.00e+00	8.90e-04	6.79e-06	7.51e-06
 5.16915e+19	1.11e-03	1.11e-01	8.88e-01	2.25e-07	0.00e+00	0.00e+00	0.00e+00	0.00e+00	0.00e+00	1.10e-03	8.36e-06	9.25e-06
 5.17634e+19	1.34e-03	1.21e-01	8.77e-01	2.02e-07	0.00e+00	0.00e+00	0.00e+00	0.00e+00	0.00e+00	1.32e-03	1.01e-05	1.11e-05
 5.18226e+19	1.58e-03	1.31e-01	8.67e-01	1.83e-07	0.00e+00	0.00e+00	0.00e+00	0.00e+00	0.00e+00	1.56e-03	1.19e-05	1.31e-05
 5.18867e+19	1.91e-03	1.43e-01	8.55e-01	1.63e-07	0.00e+00	0.00e+00	0.00e+00	0.00e+00	0.00e+00	1.88e-03	1.43e-05	1.58e-05
 5.19562e+19	2.37e-03	1.59e-01	8.39e-01	1.41e-07	0.00e+00	0.00e+00	0.00e+00	0.00e+00	0.00e+00	2.33e-03	1.77e-05	1.96e-05
 5.20160e+19	2.89e-03	1.75e-01	8.22e-01	1.24e-07	0.00e+00	0.00e+00	0.00e+00	0.00e+00	0.00e+00	2.85e-03	2.15e-05	2.39e-05
 5.20664e+19	3.46e-03	1.90e-01	8.07e-01	0.00e+00	0.00e+00	0.00e+00	0.00e+00	0.00e+00	0.00e+00	3.40e-03	2.57e-05	2.85e-05
 5.21212e+19	4.24e-03	2.09e-01	7.87e-01	0.00e+00	0.00e+00	0.00e+00	0.00e+00	0.00e+00	0.00e+00	4.17e-03	3.14e-05	3.49e-05
 5.21797e+19	5.34e-03	2.33e-01	7.62e-01	0.00e+00	0.00e+00	0.00e+00	0.00e+00	0.00e+00	0.00e+00	5.26e-03	3.95e-05	4.39e-05
 5.22284e+19	6.56e-03	2.56e-01	7.37e-01	0.00e+00	0.00e+00	0.00e+00	0.00e+00	0.00e+00	0.00e+00	6.46e-03	4.84e-05	5.38e-05
 5.22681e+19	7.82e-03	2.78e-01	7.14e-01	0.00e+00	0.00e+00	0.00e+00	0.00e+00	0.00e+00	0.00e+00	7.70e-03	5.76e-05	6.41e-05
 5.23108e+19	9.52e-03	3.04e-01	6.87e-01	0.00e+00	0.00e+00	0.00e+00	0.00e+00	0.00e+00	0.00e+00	9.37e-03	6.99e-05	7.78e-05
 5.23571e+19	1.19e-02	3.35e-01	6.53e-01	0.00e+00	0.00e+00	0.00e+00	0.00e+00	0.00e+00	0.00e+00	1.17e-02	8.72e-05	9.71e-05
 5.23970e+19	1.46e-02	3.66e-01	6.19e-01	0.00e+00	0.00e+00	0.00e+00	0.00e+00	0.00e+00	0.00e+00	1.44e-02	1.06e-04	1.19e-04
 5.24303e+19	1.74e-02	3.95e-01	5.88e-01	0.00e+00	0.00e+00	0.00e+00	0.00e+00	0.00e+00	0.00e+00	1.72e-02	1.26e-04	1.41e-04
 5.24662e+19	2.12e-02	4.28e-01	5.51e-01	0.00e+00	0.00e+00	0.00e+00	0.00e+00	0.00e+00	0.00e+00	2.09e-02	1.53e-04	1.71e-04
 5.25054e+19	2.64e-02	4.67e-01	5.07e-01	0.00e+00	0.00e+00	0.00e+00	0.00e+00	0.00e+00	0.00e+00	2.60e-02	1.90e-04	2.12e-04
 5.25395e+19	3.23e-02	5.03e-01	4.64e-01	0.00e+00	0.00e+00	0.00e+00	0.00e+00	0.00e+00	0.00e+00	3.18e-02	2.31e-04	2.58e-04
 5.25684e+19	3.83e-02	5.35e-01	4.27e-01	0.00e+00	0.00e+00	0.00e+00	0.00e+00	0.00e+00	0.00e+00	3.77e-02	2.72e-04	3.04e-04
 5.25997e+19	4.65e-02	5.70e-01	3.83e-01	0.00e+00	0.00e+00	0.00e+00	0.00e+00	0.00e+00	0.00e+00	4.58e-02	3.27e-04	3.66e-04
 5.26341e+19	5.75e-02	6.09e-01	3.34e-01	0.00e+00	0.00e+00	0.00e+00	0.00e+00	0.00e+00	0.00e+00	5.67e-02	4.00e-04	4.48e-04
 5.26613e+19	6.82e-02	6.37e-01	2.94e-01	0.00e+00	0.00e+00	0.00e+00	0.00e+00	0.00e+00	0.00e+00	6.72e-02	4.70e-04	5.26e-04
 5.26799e+19	7.64e-02	6.56e-01	2.68e-01	0.00e+00	0.00e+00	0.00e+00	0.00e+00	0.00e+00	0.00e+00	7.53e-02	5.22e-04	5.85e-04
 5.26984e+19	8.59e-02	6.73e-01	2.41e-01	0.00e+00	0.00e+00	0.00e+00	0.00e+00	0.00e+00	0.00e+00	8.46e-02	5.81e-04	6.51e-04
 5.27225e+19	9.99e-02	6.93e-01	2.07e-01	0.00e+00	0.00e+00	0.00e+00	0.00e+00	0.00e+00	0.00e+00	9.85e-02	6.68e-04	7.48e-04
 5.27462e+19	1.16e-01	7.08e-01	1.76e-01	0.00e+00	0.00e+00	0.00e+00	0.00e+00	0.00e+00	0.00e+00	1.15e-01	7.65e-04	8.58e-04
 5.27634e+19	1.29e-01	7.17e-01	1.54e-01	0.00e+00	0.00e+00	0.00e+00	0.00e+00	0.00e+00	0.00e+00	1.28e-01	8.41e-04	9.44e-04
 5.27775e+19	1.41e-01	7.22e-01	1.37e-01	0.00e+00	0.00e+00	0.00e+00	0.00e+00	0.00e+00	0.00e+00	1.39e-01	9.08e-04	1.02e-03
 5.27934e+19	1.57e-01	7.25e-01	1.18e-01	0.00e+00	0.00e+00	0.00e+00	0.00e+00	0.00e+00	0.00e+00	1.55e-01	9.92e-04	1.11e-03
 5.28109e+19	1.75e-01	7.25e-01	1.00e-01	0.00e+00	0.00e+00	0.00e+00	0.00e+00	0.00e+00	0.00e+00	1.72e-01	1.09e-03	1.22e-03
 5.28266e+19	1.93e-01	7.22e-01	8.49e-02	0.00e+00	0.00e+00	0.00e+00	0.00e+00	0.00e+00	0.00e+00	1.90e-01	1.18e-03	1.32e-03
 5.28407e+19	2.11e-01	7.17e-01	7.24e-02	0.00e+00	0.00e+00	0.00e+00	0.00e+00	0.00e+00	0.00e+00	2.08e-01	1.27e-03	1.42e-03
 5.28542e+19	2.29e-01	7.10e-01	6.16e-02	0.00e+00	0.00e+00	0.00e+00	0.00e+00	0.00e+00	0.00e+00	2.26e-01	1.35e-03	1.52e-03
 5.28696e+19	2.52e-01	6.98e-01	5.02e-02	0.00e+00	0.00e+00	0.00e+00	0.00e+00	0.00e+00	0.00e+00	2.49e-01	1.46e-03	1.64e-03
 5.28858e+19	2.79e-01	6.81e-01	3.99e-02	0.00e+00	0.00e+00	0.00e+00	0.00e+00	0.00e+00	0.00e+00	2.76e-01	1.57e-03	1.77e-03
 5.28991e+19	3.03e-01	6.64e-01	3.28e-02	0.00e+00	0.00e+00	0.00e+00	0.00e+00	0.00e+00	0.00e+00	3.00e-01	1.66e-03	1.87e-03
 5.29107e+19	3.25e-01	6.48e-01	2.73e-02	0.00e+00	0.00e+00	0.00e+00	0.00e+00	0.00e+00	0.00e+00	3.21e-01	1.74e-03	1.96e-03
 5.29238e+19	3.52e-01	6.27e-01	2.18e-02	0.00e+00	0.00e+00	0.00e+00	0.00e+00	0.00e+00	0.00e+00	3.48e-01	1.83e-03	2.06e-03
 5.29383e+19	3.84e-01	5.99e-01	1.67e-02	0.00e+00	0.00e+00	0.00e+00	0.00e+00	0.00e+00	0.00e+00	3.80e-01	1.92e-03	2.17e-03
 5.29512e+19	4.14e-01	5.73e-01	1.31e-02	0.00e+00	0.00e+00	0.00e+00	0.00e+00	0.00e+00	0.00e+00	4.10e-01	2.00e-03	2.26e-03
 5.29627e+19	4.41e-01	5.48e-01	1.04e-02	0.00e+00	0.00e+00	0.00e+00	0.00e+00	0.00e+00	0.00e+00	4.37e-01	2.06e-03	2.33e-03
 5.29742e+19	4.70e-01	5.22e-01	8.11e-03	0.00e+00	0.00e+00	0.00e+00	0.00e+00	0.00e+00	0.00e+00	4.65e-01	2.12e-03	2.39e-03
 5.29856e+19	4.99e-01	4.94e-01	6.29e-03	0.00e+00	0.00e+00	0.00e+00	0.00e+00	0.00e+00	0.00e+00	4.95e-01	2.16e-03	2.44e-03
 5.29957e+19	5.26e-01	4.69e-01	4.97e-03	0.00e+00	0.00e+00	0.00e+00	0.00e+00	0.00e+00	0.00e+00	5.21e-01	2.19e-03	2.48e-03
 5.30046e+19	5.49e-01	4.47e-01	4.02e-03	0.00e+00	0.00e+00	0.00e+00	0.00e+00	0.00e+00	0.00e+00	5.44e-01	2.20e-03	2.50e-03
 5.30130e+19	5.71e-01	4.26e-01	3.26e-03	0.00e+00	0.00e+00	0.00e+00	0.00e+00	0.00e+00	0.00e+00	5.66e-01	2.21e-03	2.51e-03
 5.30211e+19	5.93e-01	4.04e-01	2.64e-03	0.00e+00	0.00e+00	0.00e+00	0.00e+00	0.00e+00	0.00e+00	5.88e-01	2.21e-03	2.51e-03
 5.30275e+19	6.09e-01	3.89e-01	2.26e-03	0.00e+00	0.00e+00	0.00e+00	0.00e+00	0.00e+00	0.00e+00	6.04e-01	2.21e-03	2.51e-03
 5.30317e+19	6.18e-01	3.80e-01	2.03e-03	0.00e+00	0.00e+00	0.00e+00	0.00e+00	0.00e+00	0.00e+00	6.14e-01	2.21e-03	2.50e-03
 5.30360e+19	6.29e-01	3.70e-01	1.81e-03	0.00e+00	0.00e+00	0.00e+00	0.00e+00	0.00e+00	0.00e+00	6.24e-01	2.20e-03	2.50e-03
 5.30414e+19	6.43e-01	3.56e-01	1.56e-03	0.00e+00	0.00e+00	0.00e+00	0.00e+00	0.00e+00	0.00e+00	6.38e-01	2.19e-03	2.49e-03
 5.30467e+19	6.57e-01	3.41e-01	1.34e-03	0.00e+00	0.00e+00	0.00e+00	0.00e+00	0.00e+00	0.00e+00	6.53e-01	2.18e-03	2.47e-03
 5.30512e+19	6.68e-01	3.30e-01	1.18e-03	0.00e+00	0.00e+00	0.00e+00	0.00e+00	0.00e+00	0.00e+00	6.64e-01	2.16e-03	2.46e-03
 5.30553e+19	6.78e-01	3.21e-01	1.05e-03	0.00e+00	0.00e+00	0.00e+00	0.00e+00	0.00e+00	0.00e+00	6.74e-01	2.15e-03	2.44e-03
 5.30599e+19	6.90e-01	3.09e-01	9.18e-04	0.00e+00	0.00e+00	0.00e+00	0.00e+00	0.00e+00	0.00e+00	6.85e-01	2.13e-03	2.42e-03
 5.30647e+19	7.02e-01	2.97e-01	7.92e-04	0.00e+00	0.00e+00	0.00e+00	0.00e+00	0.00e+00	0.00e+00	6.98e-01	2.11e-03	2.40e-03
 5.30691e+19	7.13e-01	2.86e-01	6.93e-04	0.00e+00	0.00e+00	0.00e+00	0.00e+00	0.00e+00	0.00e+00	7.09e-01	2.09e-03	2.37e-03
 5.30732e+19	7.23e-01	2.76e-01	6.11e-04	0.00e+00	0.00e+00	0.00e+00	0.00e+00	0.00e+00	0.00e+00	7.19e-01	2.07e-03	2.35e-03
 5.30774e+19	7.33e-01	2.67e-01	5.36e-04	0.00e+00	0.00e+00	0.00e+00	0.00e+00	0.00e+00	0.00e+00	7.28e-01	2.05e-03	2.33e-03
 5.30818e+19	7.44e-01	2.56e-01	4.65e-04	0.00e+00	0.00e+00	0.00e+00	0.00e+00	0.00e+00	0.00e+00	7.39e-01	2.03e-03	2.30e-03
 5.30862e+19	7.54e-01	2.46e-01	4.04e-04	0.00e+00	0.00e+00	0.00e+00	0.00e+00	0.00e+00	0.00e+00	7.50e-01	2.00e-03	2.27e-03
 5.30902e+19	7.63e-01	2.36e-01	3.53e-04	0.00e+00	0.00e+00	0.00e+00	0.00e+00	0.00e+00	0.00e+00	7.59e-01	1.97e-03	2.24e-03
 5.30942e+19	7.72e-01	2.28e-01	3.10e-04	0.00e+00	0.00e+00	0.00e+00	0.00e+00	0.00e+00	0.00e+00	7.68e-01	1.95e-03	2.21e-03
 5.30984e+19	7.81e-01	2.19e-01	2.69e-04	0.00e+00	0.00e+00	0.00e+00	0.00e+00	0.00e+00	0.00e+00	7.77e-01	1.92e-03	2.18e-03
 5.31026e+19	7.90e-01	2.10e-01	2.33e-04	0.00e+00	0.00e+00	0.00e+00	0.00e+00	0.00e+00	0.00e+00	7.86e-01	1.89e-03	2.15e-03
 5.31066e+19	7.99e-01	2.01e-01	2.03e-04	0.00e+00	0.00e+00	0.00e+00	0.00e+00	0.00e+00	0.00e+00	7.95e-01	1.86e-03	2.11e-03
 5.31105e+19	8.07e-01	1.93e-01	1.77e-04	0.00e+00	0.00e+00	0.00e+00	0.00e+00	0.00e+00	0.00e+00	8.03e-01	1.83e-03	2.08e-03
 5.31145e+19	8.15e-01	1.85e-01	1.54e-04	0.00e+00	0.00e+00	0.00e+00	0.00e+00	0.00e+00	0.00e+00	8.11e-01	1.80e-03	2.05e-03
 5.31185e+19	8.22e-01	1.77e-01	1.34e-04	0.00e+00	0.00e+00	0.00e+00	0.00e+00	0.00e+00	0.00e+00	8.19e-01	1.77e-03	2.01e-03
 5.31225e+19	8.30e-01	1.70e-01	1.15e-04	0.00e+00	0.00e+00	0.00e+00	0.00e+00	0.00e+00	0.00e+00	8.27e-01	1.74e-03	1.97e-03
 5.31264e+19	8.37e-01	1.63e-01	1.01e-04	0.00e+00	0.00e+00	0.00e+00	0.00e+00	0.00e+00	0.00e+00	8.34e-01	1.71e-03	1.94e-03
 5.31302e+19	8.44e-01	1.56e-01	8.75e-05	0.00e+00	0.00e+00	0.00e+00	0.00e+00	0.00e+00	0.00e+00	8.40e-01	1.68e-03	1.91e-03
 5.31341e+19	8.51e-01	1.49e-01	7.56e-05	0.00e+00	0.00e+00	0.00e+00	0.00e+00	0.00e+00	0.00e+00	8.47e-01	1.65e-03	1.87e-03
 5.31380e+19	8.57e-01	1.42e-01	6.52e-05	0.00e+00	0.00e+00	0.00e+00	0.00e+00	0.00e+00	0.00e+00	8.54e-01	1.62e-03	1.84e-03
 5.31417e+19	8.63e-01	1.36e-01	5.66e-05	0.00e+00	0.00e+00	0.00e+00	0.00e+00	0.00e+00	0.00e+00	8.60e-01	1.59e-03	1.80e-03
 5.31453e+19	8.69e-01	1.31e-01	4.94e-05	0.00e+00	0.00e+00	0.00e+00	0.00e+00	0.00e+00	0.00e+00	8.66e-01	1.57e-03	1.77e-03
 5.31490e+19	8.75e-01	1.25e-01	4.29e-05	0.00e+00	0.00e+00	0.00e+00	0.00e+00	0.00e+00	0.00e+00	8.71e-01	1.54e-03	1.74e-03
 5.31527e+19	8.80e-01	1.20e-01	3.72e-05	0.00e+00	0.00e+00	0.00e+00	0.00e+00	0.00e+00	0.00e+00	8.77e-01	1.51e-03	1.71e-03
 5.31563e+19	8.85e-01	1.15e-01	3.23e-05	0.00e+00	0.00e+00	0.00e+00	0.00e+00	0.00e+00	0.00e+00	8.82e-01	1.49e-03	1.68e-03
 5.31597e+19	8.90e-01	1.10e-01	2.82e-05	0.00e+00	0.00e+00	0.00e+00	0.00e+00	0.00e+00	0.00e+00	8.87e-01	1.46e-03	1.65e-03
 5.31631e+19	8.94e-01	1.06e-01	2.47e-05	0.00e+00	0.00e+00	0.00e+00	0.00e+00	0.00e+00	0.00e+00	8.91e-01	1.44e-03	1.62e-03
 5.31666e+19	8.99e-01	1.01e-01	2.15e-05	0.00e+00	0.00e+00	0.00e+00	0.00e+00	0.00e+00	0.00e+00	8.96e-01	1.42e-03	1.60e-03
 5.31700e+19	9.03e-01	9.68e-02	1.87e-05	0.00e+00	0.00e+00	0.00e+00	0.00e+00	0.00e+00	0.00e+00	9.00e-01	1.39e-03	1.57e-03
 5.31733e+19	9.07e-01	9.28e-02	1.64e-05	0.00e+00	0.00e+00	0.00e+00	0.00e+00	0.00e+00	0.00e+00	9.04e-01	1.37e-03	1.54e-03
 5.31765e+19	9.11e-01	8.91e-02	1.44e-05	0.00e+00	0.00e+00	0.00e+00	0.00e+00	0.00e+00	0.00e+00	9.08e-01	1.35e-03	1.52e-03
 5.31797e+19	9.15e-01	8.54e-02	1.26e-05	0.00e+00	0.00e+00	0.00e+00	0.00e+00	0.00e+00	0.00e+00	9.12e-01	1.33e-03	1.50e-03
 5.31830e+19	9.18e-01	8.19e-02	1.10e-05	0.00e+00	0.00e+00	0.00e+00	0.00e+00	0.00e+00	0.00e+00	9.15e-01	1.31e-03	1.47e-03
 5.31861e+19	9.21e-01	7.85e-02	9.63e-06	0.00e+00	0.00e+00	0.00e+00	0.00e+00	0.00e+00	0.00e+00	9.19e-01	1.29e-03	1.45e-03
 5.31892e+19	9.25e-01	7.54e-02	8.48e-06	0.00e+00	0.00e+00	0.00e+00	0.00e+00	0.00e+00	0.00e+00	9.22e-01	1.27e-03	1.43e-03
 5.31922e+19	9.28e-01	7.25e-02	7.46e-06	0.00e+00	0.00e+00	0.00e+00	0.00e+00	0.00e+00	0.00e+00	9.25e-01	1.26e-03	1.41e-03
 5.31953e+19	9.30e-01	6.96e-02	6.56e-06	0.00e+00	0.00e+00	0.00e+00	0.00e+00	0.00e+00	0.00e+00	9.28e-01	1.24e-03	1.39e-03
 5.31984e+19	9.33e-01	6.67e-02	5.75e-06	0.00e+00	0.00e+00	0.00e+00	0.00e+00	0.00e+00	0.00e+00	9.31e-01	1.22e-03	1.37e-03
 5.32013e+19	9.36e-01	6.41e-02	5.07e-06	0.00e+00	0.00e+00	0.00e+00	0.00e+00	0.00e+00	0.00e+00	9.33e-01	1.21e-03	1.35e-03
 5.32043e+19	9.38e-01	6.16e-02	4.48e-06	0.00e+00	0.00e+00	0.00e+00	0.00e+00	0.00e+00	0.00e+00	9.36e-01	1.19e-03	1.33e-03
 5.32072e+19	9.41e-01	5.92e-02	3.95e-06	0.00e+00	0.00e+00	0.00e+00	0.00e+00	0.00e+00	0.00e+00	9.38e-01	1.18e-03	1.32e-03
 5.32101e+19	9.43e-01	5.68e-02	3.48e-06	0.00e+00	0.00e+00	0.00e+00	0.00e+00	0.00e+00	0.00e+00	9.41e-01	1.16e-03	1.30e-03
 5.32130e+19	9.45e-01	5.46e-02	3.07e-06	0.00e+00	0.00e+00	0.00e+00	0.00e+00	0.00e+00	0.00e+00	9.43e-01	1.15e-03	1.29e-03
 5.32158e+19	9.48e-01	5.25e-02	2.72e-06	0.00e+00	0.00e+00	0.00e+00	0.00e+00	0.00e+00	0.00e+00	9.45e-01	1.14e-03	1.27e-03
 5.32186e+19	9.50e-01	5.05e-02	2.40e-06	0.00e+00	0.00e+00	0.00e+00	0.00e+00	0.00e+00	0.00e+00	9.47e-01	1.12e-03	1.26e-03
 5.32214e+19	9.52e-01	4.85e-02	2.12e-06	0.00e+00	0.00e+00	0.00e+00	0.00e+00	0.00e+00	0.00e+00	9.49e-01	1.11e-03	1.24e-03
 5.32242e+19	9.53e-01	4.66e-02	1.88e-06	0.00e+00	0.00e+00	0.00e+00	0.00e+00	0.00e+00	0.00e+00	9.51e-01	1.10e-03	1.23e-03
 5.32270e+19	9.55e-01	4.48e-02	1.66e-06	0.00e+00	0.00e+00	0.00e+00	0.00e+00	0.00e+00	0.00e+00	9.53e-01	1.09e-03	1.21e-03
 5.32297e+19	9.57e-01	4.32e-02	1.48e-06	0.00e+00	0.00e+00	0.00e+00	0.00e+00	0.00e+00	0.00e+00	9.55e-01	1.08e-03	1.20e-03
 5.32324e+19	9.59e-01	4.15e-02	1.31e-06	0.00e+00	0.00e+00	0.00e+00	0.00e+00	0.00e+00	0.00e+00	9.56e-01	1.07e-03	1.19e-03
 5.32351e+19	9.60e-01	3.99e-02	1.16e-06	0.00e+00	0.00e+00	0.00e+00	0.00e+00	0.00e+00	0.00e+00	9.58e-01	1.06e-03	1.18e-03
 5.32378e+19	9.62e-01	3.84e-02	1.03e-06	0.00e+00	0.00e+00	0.00e+00	0.00e+00	0.00e+00	0.00e+00	9.59e-01	1.05e-03	1.17e-03
 5.32405e+19	9.63e-01	3.70e-02	9.14e-07	0.00e+00	0.00e+00	0.00e+00	0.00e+00	0.00e+00	0.00e+00	9.61e-01	1.04e-03	1.15e-03
 5.32431e+19	9.64e-01	3.56e-02	8.12e-07	0.00e+00	0.00e+00	0.00e+00	0.00e+00	0.00e+00	0.00e+00	9.62e-01	1.03e-03	1.14e-03
 5.32458e+19	9.66e-01	3.42e-02	7.20e-07	0.00e+00	0.00e+00	0.00e+00	0.00e+00	0.00e+00	0.00e+00	9.64e-01	1.02e-03	1.13e-03
 5.32484e+19	9.67e-01	3.29e-02	6.40e-07	0.00e+00	0.00e+00	0.00e+00	0.00e+00	0.00e+00	0.00e+00	9.65e-01	1.01e-03	1.12e-03
 5.32510e+19	9.68e-01	3.17e-02	5.69e-07	0.00e+00	0.00e+00	0.00e+00	0.00e+00	0.00e+00	0.00e+00	9.66e-01	1.00e-03	1.11e-03
 5.32536e+19	9.69e-01	3.05e-02	5.07e-07	0.00e+00	0.00e+00	0.00e+00	0.00e+00	0.00e+00	0.00e+00	9.67e-01	9.96e-04	1.11e-03
 5.32562e+19	9.71e-01	2.94e-02	4.51e-07	0.00e+00	0.00e+00	0.00e+00	0.00e+00	0.00e+00	0.00e+00	9.69e-01	9.89e-04	1.10e-03
 5.32588e+19	9.72e-01	2.83e-02	4.01e-07	0.00e+00	0.00e+00	0.00e+00	0.00e+00	0.00e+00	0.00e+00	9.70e-01	9.81e-04	1.09e-03
 5.32614e+19	9.73e-01	2.72e-02	3.57e-07	0.00e+00	0.00e+00	0.00e+00	0.00e+00	0.00e+00	0.00e+00	9.71e-01	9.74e-04	1.08e-03
 5.32639e+19	9.74e-01	2.62e-02	3.18e-07	0.00e+00	0.00e+00	0.00e+00	0.00e+00	0.00e+00	0.00e+00	9.72e-01	9.67e-04	1.07e-03
 5.32665e+19	9.75e-01	2.53e-02	2.84e-07	0.00e+00	0.00e+00	0.00e+00	0.00e+00	0.00e+00	0.00e+00	9.73e-01	9.61e-04	1.06e-03
 5.32690e+19	9.76e-01	2.43e-02	2.53e-07	0.00e+00	0.00e+00	0.00e+00	0.00e+00	0.00e+00	0.00e+00	9.74e-01	9.55e-04	1.06e-03
 5.32716e+19	9.77e-01	2.35e-02	2.25e-07	0.00e+00	0.00e+00	0.00e+00	0.00e+00	0.00e+00	0.00e+00	9.75e-01	9.49e-04	1.05e-03
 5.32741e+19	9.77e-01	2.26e-02	2.01e-07	0.00e+00	0.00e+00	0.00e+00	0.00e+00	0.00e+00	0.00e+00	9.75e-01	9.43e-04	1.04e-03
 5.32766e+19	9.78e-01	2.18e-02	1.79e-07	0.00e+00	0.00e+00	0.00e+00	0.00e+00	0.00e+00	0.00e+00	9.76e-01	9.37e-04	1.04e-03
 5.32791e+19	9.79e-01	2.10e-02	1.60e-07	0.00e+00	0.00e+00	0.00e+00	0.00e+00	0.00e+00	0.00e+00	9.77e-01	9.32e-04	1.03e-03
 5.32816e+19	9.80e-01	2.02e-02	1.43e-07	0.00e+00	0.00e+00	0.00e+00	0.00e+00	0.00e+00	0.00e+00	9.78e-01	9.26e-04	1.02e-03
 5.32841e+19	9.81e-01	1.95e-02	1.27e-07	0.00e+00	0.00e+00	0.00e+00	0.00e+00	0.00e+00	0.00e+00	9.79e-01	9.21e-04	1.02e-03
 5.32866e+19	9.81e-01	1.88e-02	1.14e-07	0.00e+00	0.00e+00	0.00e+00	0.00e+00	0.00e+00	0.00e+00	9.79e-01	9.16e-04	1.01e-03
 5.32891e+19	9.82e-01	1.81e-02	1.02e-07	0.00e+00	0.00e+00	0.00e+00	0.00e+00	0.00e+00	0.00e+00	9.80e-01	9.11e-04	1.00e-03
 5.32916e+19	9.83e-01	1.74e-02	9.08e-08	0.00e+00	0.00e+00	0.00e+00	0.00e+00	0.00e+00	0.00e+00	9.81e-01	9.07e-04	9.99e-04
 5.32940e+19	9.83e-01	1.68e-02	8.11e-08	0.00e+00	0.00e+00	0.00e+00	0.00e+00	0.00e+00	0.00e+00	9.81e-01	9.02e-04	9.93e-04
 5.32965e+19	9.84e-01	1.62e-02	7.25e-08	0.00e+00	0.00e+00	0.00e+00	0.00e+00	0.00e+00	0.00e+00	9.82e-01	8.97e-04	9.88e-04
 5.32990e+19	9.84e-01	1.56e-02	6.48e-08	0.00e+00	0.00e+00	0.00e+00	0.00e+00	0.00e+00	0.00e+00	9.83e-01	8.93e-04	9.82e-04
