#depth	H	H+	H2
 4.83000e+13	2.64e-04	1.00e+00	2.62e-15
 2.89800e+14	2.64e-04	1.00e+00	2.62e-15
 1.25580e+15	2.65e-04	1.00e+00	2.64e-15
 5.11980e+15	2.67e-04	1.00e+00	2.70e-15
 1.22296e+16	2.72e-04	1.00e+00	2.80e-15
 2.14723e+16	2.79e-04	1.00e+00	2.94e-15
 3.34878e+16	2.87e-04	1.00e+00	3.12e-15
 4.91079e+16	2.99e-04	1.00e+00	3.36e-15
 6.94141e+16	3.14e-04	1.00e+00	3.71e-15
 9.58122e+16	3.35e-04	1.00e+00	4.20e-15
 1.27336e+17	3.61e-04	1.00e+00	4.83e-15
 1.61208e+17	3.90e-04	1.00e+00	5.58e-15
 1.96434e+17	4.21e-04	1.00e+00	6.46e-15
 2.33069e+17	4.55e-04	1.00e+00	7.49e-15
 2.71170e+17	4.92e-04	1.00e+00	8.69e-15
 3.10795e+17	5.32e-04	9.99e-01	1.01e-14
 3.52005e+17	5.76e-04	9.99e-01	1.18e-14
 3.94863e+17	6.23e-04	9.99e-01	1.37e-14
 4.39435e+17	6.76e-04	9.99e-01	1.60e-14
 4.85791e+17	7.33e-04	9.99e-01	1.87e-14
 5.34000e+17	7.96e-04	9.99e-01	2.18e-14
 5.83045e+17	8.64e-04	9.99e-01	2.55e-14
 6.34051e+17	9.39e-04	9.99e-01	2.98e-14
 6.86868e+17	1.02e-03	9.99e-01	3.49e-14
 7.39003e+17	1.11e-03	9.99e-01	4.05e-14
 7.94545e+17	1.21e-03	9.99e-01	4.75e-14
 8.52823e+17	1.33e-03	9.99e-01	5.60e-14
 9.08303e+17	1.44e-03	9.99e-01	6.45e-14
 9.68286e+17	1.58e-03	9.98e-01	7.60e-14
 1.03084e+18	1.74e-03	9.98e-01	8.92e-14
 1.08573e+18	1.90e-03	9.98e-01	1.02e-13
 1.13653e+18	2.06e-03	9.98e-01	1.16e-13
 1.19490e+18	2.27e-03	9.98e-01	1.36e-13
 1.25780e+18	2.52e-03	9.97e-01	1.59e-13
 1.31267e+18	2.78e-03	9.97e-01	1.82e-13
 1.36134e+18	3.04e-03	9.97e-01	2.06e-13
 1.41586e+18	3.38e-03	9.97e-01	2.40e-13
 1.47425e+18	3.80e-03	9.96e-01	2.81e-13
 1.52422e+18	4.22e-03	9.96e-01	3.22e-13
 1.56723e+18	4.66e-03	9.95e-01	3.67e-13
 1.61466e+18	5.24e-03	9.95e-01	4.26e-13
 1.66508e+18	5.97e-03	9.94e-01	5.02e-13
 1.70729e+18	6.74e-03	9.93e-01	5.79e-13
 1.74253e+18	7.52e-03	9.92e-01	6.60e-13
 1.78078e+18	8.54e-03	9.91e-01	7.72e-13
 1.81706e+18	9.74e-03	9.90e-01	8.96e-13
 1.84198e+18	1.07e-02	9.89e-01	1.00e-12
 1.86216e+18	1.17e-02	9.88e-01	1.11e-12
 1.88499e+18	1.30e-02	9.87e-01	1.25e-12
 1.91467e+18	1.49e-02	9.85e-01	1.48e-12
 1.94444e+18	1.75e-02	9.83e-01	1.77e-12
 1.96677e+18	2.00e-02	9.80e-01	2.06e-12
 1.98399e+18	2.24e-02	9.78e-01	2.34e-12
 1.99901e+18	2.48e-02	9.75e-01	2.64e-12
 2.01297e+18	2.76e-02	9.72e-01	2.98e-12
 2.02610e+18	3.07e-02	9.69e-01	3.39e-12
 2.03877e+18	3.42e-02	9.66e-01	3.85e-12
 2.05107e+18	3.83e-02	9.62e-01	4.43e-12
 2.06237e+18	4.29e-02	9.57e-01	5.09e-12
 2.07244e+18	4.78e-02	9.52e-01	5.84e-12
 2.08168e+18	5.31e-02	9.47e-01	6.70e-12
 2.09061e+18	5.92e-02	9.41e-01	7.73e-12
 2.10082e+18	6.77e-02	9.32e-01	9.28e-12
 2.11149e+18	7.93e-02	9.21e-01	1.16e-11
 2.12032e+18	9.20e-02	9.08e-01	1.43e-11
 2.12801e+18	1.06e-01	8.94e-01	1.77e-11
 2.13550e+18	1.23e-01	8.77e-01	2.23e-11
 2.14262e+18	1.44e-01	8.56e-01	2.87e-11
 2.14903e+18	1.69e-01	8.31e-01	3.73e-11
 2.15467e+18	1.96e-01	8.04e-01	4.89e-11
 2.15977e+18	2.27e-01	7.73e-01	6.44e-11
 2.16454e+18	2.63e-01	7.37e-01	8.61e-11
 2.16879e+18	3.01e-01	6.99e-01	1.15e-10
 2.17211e+18	3.36e-01	6.64e-01	1.49e-10
 2.17455e+18	3.65e-01	6.35e-01	1.82e-10
 2.17653e+18	3.90e-01	6.10e-01	2.15e-10
 2.17838e+18	4.15e-01	5.85e-01	2.54e-10
 2.18018e+18	4.40e-01	5.60e-01	2.99e-10
 2.18184e+18	4.64e-01	5.36e-01	3.50e-10
 2.18329e+18	4.86e-01	5.14e-01	4.01e-10
 2.18457e+18	5.07e-01	4.93e-01	4.59e-10
 2.18581e+18	5.26e-01	4.74e-01	5.18e-10
 2.18702e+18	5.46e-01	4.54e-01	5.91e-10
 2.18799e+18	5.61e-01	4.39e-01	6.50e-10
 2.18869e+18	5.73e-01	4.27e-01	7.00e-10
 2.18936e+18	5.83e-01	4.17e-01	7.51e-10
 2.19012e+18	5.96e-01	4.04e-01	8.18e-10
 2.19093e+18	6.10e-01	3.90e-01	8.96e-10
 2.19169e+18	6.22e-01	3.78e-01	9.70e-10
 2.19243e+18	6.34e-01	3.66e-01	1.06e-09
 2.19315e+18	6.45e-01	3.55e-01	1.14e-09
 2.19388e+18	6.57e-01	3.43e-01	1.25e-09
 2.19461e+18	6.69e-01	3.31e-01	1.35e-09
 2.19533e+18	6.80e-01	3.20e-01	1.47e-09
 2.19606e+18	6.92e-01	3.08e-01	1.60e-09
 2.19676e+18	7.02e-01	2.98e-01	1.74e-09
 2.19746e+18	7.13e-01	2.87e-01	1.89e-09
 2.19816e+18	7.23e-01	2.77e-01	2.05e-09
 2.19886e+18	7.33e-01	2.67e-01	2.23e-09
 2.19956e+18	7.44e-01	2.56e-01	2.44e-09
 2.20024e+18	7.53e-01	2.47e-01	2.64e-09
 2.20093e+18	7.63e-01	2.37e-01	2.89e-09
 2.20161e+18	7.72e-01	2.28e-01	3.13e-09
 2.20228e+18	7.81e-01	2.19e-01	3.43e-09
 2.20294e+18	7.89e-01	2.11e-01	3.71e-09
 2.20359e+18	7.97e-01	2.03e-01	4.05e-09
 2.20423e+18	8.05e-01	1.95e-01	4.42e-09
 2.20488e+18	8.13e-01	1.87e-01	4.81e-09
 2.20552e+18	8.20e-01	1.80e-01	5.25e-09
 2.20615e+18	8.27e-01	1.73e-01	5.73e-09
 2.20676e+18	8.34e-01	1.66e-01	6.24e-09
 2.20737e+18	8.40e-01	1.60e-01	6.80e-09
 2.20797e+18	8.47e-01	1.53e-01	7.43e-09
 2.20857e+18	8.53e-01	1.47e-01	8.11e-09
 2.20917e+18	8.58e-01	1.42e-01	8.87e-09
 2.20975e+18	8.64e-01	1.36e-01	9.70e-09
 2.21033e+18	8.69e-01	1.31e-01	1.06e-08
 2.21091e+18	8.74e-01	1.26e-01	1.17e-08
 2.21148e+18	8.79e-01	1.21e-01	1.27e-08
 2.21204e+18	8.84e-01	1.16e-01	1.39e-08
 2.21260e+18	8.88e-01	1.12e-01	1.53e-08
 2.21316e+18	8.93e-01	1.07e-01	1.68e-08
 2.21371e+18	8.97e-01	1.03e-01	1.85e-08
 2.21426e+18	9.01e-01	9.90e-02	2.04e-08
 2.21480e+18	9.05e-01	9.51e-02	2.25e-08
 2.21534e+18	9.09e-01	9.14e-02	2.48e-08
 2.21588e+18	9.12e-01	8.78e-02	2.75e-08
 2.21641e+18	9.16e-01	8.44e-02	3.04e-08
 2.21693e+18	9.19e-01	8.11e-02	3.37e-08
 2.21746e+18	9.22e-01	7.79e-02	3.73e-08
 2.21797e+18	9.25e-01	7.49e-02	4.14e-08
 2.21849e+18	9.28e-01	7.19e-02	4.60e-08
 2.21900e+18	9.31e-01	6.91e-02	5.10e-08
 2.21950e+18	9.34e-01	6.64e-02	5.65e-08
 2.22000e+18	9.36e-01	6.38e-02	6.23e-08
 2.22049e+18	9.39e-01	6.12e-02	6.86e-08
 2.22098e+18	9.41e-01	5.88e-02	7.52e-08
 2.22147e+18	9.44e-01	5.65e-02	8.21e-08
 2.22194e+18	9.46e-01	5.42e-02	8.89e-08
 2.22241e+18	9.48e-01	5.21e-02	9.56e-08
 2.22287e+18	9.50e-01	5.00e-02	1.02e-07
 2.22332e+18	9.52e-01	4.80e-02	1.08e-07
 2.22377e+18	9.54e-01	4.61e-02	1.12e-07
 2.22419e+18	9.56e-01	4.43e-02	1.16e-07
 2.22458e+18	9.57e-01	4.27e-02	1.18e-07
 2.22494e+18	9.59e-01	4.12e-02	1.19e-07
 2.22526e+18	9.60e-01	3.99e-02	1.19e-07
 2.22557e+18	9.61e-01	3.86e-02	1.19e-07
 2.22585e+18	9.63e-01	3.75e-02	1.18e-07
 2.22612e+18	9.64e-01	3.64e-02	1.18e-07
 2.22637e+18	9.65e-01	3.54e-02	1.17e-07
 2.22660e+18	9.66e-01	3.45e-02	1.16e-07
 2.22682e+18	9.66e-01	3.36e-02	1.16e-07
 2.22702e+18	9.67e-01	3.28e-02	1.15e-07
 2.22720e+18	9.68e-01	3.21e-02	1.15e-07
 2.22737e+18	9.69e-01	3.14e-02	1.14e-07
 2.22752e+18	9.69e-01	3.09e-02	1.14e-07
 2.22766e+18	9.70e-01	3.03e-02	1.14e-07
 2.22778e+18	9.70e-01	2.99e-02	1.14e-07
 2.22790e+18	9.71e-01	2.95e-02	1.14e-07
 2.22802e+18	9.71e-01	2.90e-02	1.13e-07
 2.22815e+18	9.71e-01	2.85e-02	1.14e-07
 2.22828e+18	9.72e-01	2.81e-02	1.14e-07
 2.22841e+18	9.72e-01	2.76e-02	1.14e-07
 2.22856e+18	9.73e-01	2.71e-02	1.14e-07
 2.22869e+18	9.73e-01	2.66e-02	1.15e-07
 2.22881e+18	9.74e-01	2.63e-02	1.15e-07
 2.22894e+18	9.74e-01	2.58e-02	1.15e-07
 2.22908e+18	9.75e-01	2.53e-02	1.16e-07
 2.22921e+18	9.75e-01	2.49e-02	1.17e-07
 2.22935e+18	9.76e-01	2.45e-02	1.17e-07
 2.22950e+18	9.76e-01	2.40e-02	1.18e-07
 2.22964e+18	9.76e-01	2.37e-02	1.19e-07
 2.22977e+18	9.77e-01	2.33e-02	1.20e-07
 2.22991e+18	9.77e-01	2.29e-02	1.21e-07
 2.23006e+18	9.77e-01	2.25e-02	1.22e-07
 2.23019e+18	9.78e-01	2.21e-02	1.23e-07
 2.23032e+18	9.78e-01	2.18e-02	1.24e-07
 2.23045e+18	9.79e-01	2.14e-02	1.25e-07
 2.23060e+18	9.79e-01	2.10e-02	1.26e-07
 2.23073e+18	9.79e-01	2.07e-02	1.28e-07
 2.23085e+18	9.80e-01	2.04e-02	1.29e-07
 2.23099e+18	9.80e-01	2.01e-02	1.30e-07
 2.23113e+18	9.80e-01	1.97e-02	1.32e-07
