#depth	He	He+	He+2
 6.10557e+13	1.49e-04	8.83e-01	1.17e-01
 3.66334e+14	1.49e-04	8.83e-01	1.17e-01
 1.58745e+15	1.50e-04	8.84e-01	1.16e-01
 6.47190e+15	1.51e-04	8.87e-01	1.13e-01
 1.54593e+16	1.53e-04	8.88e-01	1.12e-01
 2.71429e+16	1.55e-04	8.93e-01	1.07e-01
 4.23316e+16	1.59e-04	9.01e-01	9.87e-02
 6.20769e+16	1.64e-04	9.14e-01	8.62e-02
 8.77459e+16	1.71e-04	9.30e-01	7.00e-02
 1.21115e+17	1.79e-04	9.48e-01	5.16e-02
 1.64496e+17	1.90e-04	9.66e-01	3.36e-02
 2.20890e+17	2.02e-04	9.81e-01	1.88e-02
 2.94203e+17	2.17e-04	9.91e-01	8.92e-03
 3.87856e+17	2.35e-04	9.96e-01	3.65e-03
 4.94374e+17	2.55e-04	9.98e-01	1.47e-03
 6.05153e+17	2.77e-04	9.99e-01	6.66e-04
 7.20363e+17	3.01e-04	9.99e-01	3.29e-04
 8.40181e+17	3.26e-04	1.00e+00	1.73e-04
 9.64793e+17	3.54e-04	1.00e+00	9.44e-05
 1.09439e+18	3.85e-04	1.00e+00	5.25e-05
 1.21848e+18	4.15e-04	1.00e+00	3.10e-05
 1.34033e+18	4.46e-04	1.00e+00	1.87e-05
 1.47436e+18	4.82e-04	1.00e+00	1.09e-05
 1.62096e+18	5.24e-04	9.99e-01	6.22e-06
 1.77680e+18	5.70e-04	9.99e-01	3.48e-06
 1.93888e+18	6.20e-04	9.99e-01	1.94e-06
 2.10744e+18	6.76e-04	9.99e-01	1.08e-06
 2.28274e+18	7.36e-04	9.99e-01	6.00e-07
 2.46505e+18	8.04e-04	9.99e-01	3.33e-07
 2.65466e+18	8.77e-04	9.99e-01	1.85e-07
 2.85185e+18	9.60e-04	9.99e-01	1.03e-07
 3.05693e+18	1.05e-03	9.99e-01	5.81e-08
 3.27021e+18	1.15e-03	9.99e-01	3.34e-08
 3.49202e+18	1.27e-03	9.99e-01	1.98e-08
 3.72271e+18	1.40e-03	9.99e-01	1.23e-08
 3.94020e+18	1.53e-03	9.98e-01	8.53e-09
 4.13250e+18	1.65e-03	9.98e-01	6.52e-09
 4.34503e+18	1.81e-03	9.98e-01	5.13e-09
 4.55669e+18	1.97e-03	9.98e-01	4.33e-09
 4.71899e+18	2.10e-03	9.98e-01	3.94e-09
 4.88176e+18	2.25e-03	9.98e-01	3.64e-09
 5.05946e+18	2.43e-03	9.98e-01	3.43e-09
 5.21673e+18	2.60e-03	9.97e-01	3.30e-09
 5.35447e+18	2.76e-03	9.97e-01	3.21e-09
 5.50665e+18	2.96e-03	9.97e-01	3.14e-09
 5.66692e+18	3.19e-03	9.97e-01	3.09e-09
 5.80005e+18	3.39e-03	9.97e-01	3.07e-09
 5.91323e+18	3.59e-03	9.96e-01	3.05e-09
 6.03817e+18	3.83e-03	9.96e-01	3.04e-09
 6.17085e+18	4.10e-03	9.96e-01	3.04e-09
 6.28191e+18	4.36e-03	9.96e-01	3.04e-09
 6.37523e+18	4.60e-03	9.95e-01	3.05e-09
 6.47715e+18	4.90e-03	9.95e-01	3.06e-09
 6.58540e+18	5.24e-03	9.95e-01	3.07e-09
 6.67584e+18	5.57e-03	9.94e-01	3.09e-09
 6.75142e+18	5.88e-03	9.94e-01	3.10e-09
 6.83373e+18	6.25e-03	9.94e-01	3.12e-09
 6.92149e+18	6.70e-03	9.93e-01	3.15e-09
 6.99524e+18	7.13e-03	9.93e-01	3.17e-09
 7.05695e+18	7.53e-03	9.92e-01	3.20e-09
 7.12406e+18	8.03e-03	9.92e-01	3.23e-09
 7.19586e+18	8.64e-03	9.91e-01	3.26e-09
 7.25656e+18	9.24e-03	9.91e-01	3.31e-09
 7.30752e+18	9.81e-03	9.90e-01	3.35e-09
 7.36302e+18	1.05e-02	9.89e-01	3.40e-09
 7.42270e+18	1.14e-02	9.89e-01	3.46e-09
 7.47369e+18	1.23e-02	9.88e-01	3.52e-09
 7.51678e+18	1.32e-02	9.87e-01	3.56e-09
 7.56372e+18	1.43e-02	9.86e-01	3.65e-09
 7.61351e+18	1.58e-02	9.84e-01	3.75e-09
 7.65450e+18	1.72e-02	9.83e-01	3.87e-09
 7.68753e+18	1.86e-02	9.81e-01	3.96e-09
 7.71773e+18	2.01e-02	9.80e-01	4.09e-09
 7.75198e+18	2.21e-02	9.78e-01	4.33e-09
 7.78852e+18	2.47e-02	9.75e-01	4.59e-09
 7.81848e+18	2.74e-02	9.73e-01	4.91e-09
 7.84193e+18	3.00e-02	9.70e-01	5.14e-09
 7.86316e+18	3.28e-02	9.67e-01	5.57e-09
 7.88749e+18	3.68e-02	9.63e-01	6.21e-09
 7.91086e+18	4.15e-02	9.59e-01	7.07e-09
 7.92653e+18	4.55e-02	9.54e-01	7.67e-09
 7.93748e+18	4.88e-02	9.51e-01	8.66e-09
 7.94877e+18	5.28e-02	9.47e-01	9.37e-09
 7.96137e+18	5.78e-02	9.42e-01	1.09e-08
 7.97274e+18	6.31e-02	9.37e-01	1.27e-08
 7.98207e+18	6.82e-02	9.32e-01	1.46e-08
 7.99017e+18	7.34e-02	9.27e-01	1.67e-08
 7.99793e+18	7.89e-02	9.21e-01	1.91e-08
 8.00554e+18	8.50e-02	9.15e-01	2.24e-08
 8.01279e+18	9.16e-02	9.08e-01	2.60e-08
 8.01952e+18	9.82e-02	9.02e-01	3.10e-08
 8.02586e+18	1.05e-01	8.95e-01	3.58e-08
 8.03196e+18	1.13e-01	8.87e-01	4.23e-08
 8.03788e+18	1.21e-01	8.79e-01	4.93e-08
 8.04370e+18	1.29e-01	8.71e-01	5.77e-08
 8.04929e+18	1.38e-01	8.62e-01	6.70e-08
 8.05463e+18	1.48e-01	8.52e-01	7.74e-08
 8.05959e+18	1.57e-01	8.43e-01	8.82e-08
 8.06417e+18	1.66e-01	8.34e-01	9.91e-08
 8.06856e+18	1.76e-01	8.24e-01	1.10e-07
 8.07298e+18	1.86e-01	8.14e-01	1.23e-07
 8.07729e+18	1.97e-01	8.03e-01	1.36e-07
 8.08058e+18	2.05e-01	7.95e-01	1.46e-07
 8.08280e+18	2.11e-01	7.89e-01	1.53e-07
 8.08507e+18	2.18e-01	7.82e-01	1.60e-07
 8.08792e+18	2.26e-01	7.74e-01	1.70e-07
 8.09099e+18	2.36e-01	7.64e-01	1.81e-07
 8.09379e+18	2.44e-01	7.56e-01	1.92e-07
 8.09640e+18	2.53e-01	7.47e-01	2.02e-07
 8.09909e+18	2.62e-01	7.38e-01	2.13e-07
 8.10191e+18	2.72e-01	7.28e-01	2.25e-07
 8.10479e+18	2.82e-01	7.18e-01	2.37e-07
 8.10755e+18	2.92e-01	7.08e-01	2.50e-07
 8.11028e+18	3.03e-01	6.97e-01	2.62e-07
 8.11306e+18	3.13e-01	6.87e-01	2.76e-07
 8.11590e+18	3.25e-01	6.75e-01	2.89e-07
 8.11872e+18	3.36e-01	6.64e-01	3.05e-07
 8.12152e+18	3.48e-01	6.52e-01	3.19e-07
 8.12434e+18	3.60e-01	6.40e-01	3.34e-07
 8.12715e+18	3.72e-01	6.28e-01	3.49e-07
 8.12994e+18	3.84e-01	6.16e-01	3.65e-07
 8.13277e+18	3.98e-01	6.02e-01	3.81e-07
 8.13561e+18	4.10e-01	5.90e-01	3.98e-07
 8.13842e+18	4.24e-01	5.76e-01	4.14e-07
 8.14122e+18	4.37e-01	5.63e-01	4.32e-07
 8.14405e+18	4.51e-01	5.49e-01	4.49e-07
 8.14689e+18	4.65e-01	5.35e-01	4.66e-07
 8.14969e+18	4.79e-01	5.21e-01	4.84e-07
 8.15246e+18	4.92e-01	5.08e-01	5.02e-07
 8.15527e+18	5.07e-01	4.93e-01	5.19e-07
 8.15808e+18	5.21e-01	4.79e-01	5.37e-07
 8.16083e+18	5.35e-01	4.65e-01	5.54e-07
 8.16353e+18	5.49e-01	4.51e-01	5.71e-07
 8.16623e+18	5.62e-01	4.38e-01	5.87e-07
 8.16892e+18	5.76e-01	4.24e-01	6.05e-07
 8.17158e+18	5.90e-01	4.10e-01	6.21e-07
 8.17418e+18	6.03e-01	3.97e-01	6.36e-07
 8.17677e+18	6.16e-01	3.84e-01	6.52e-07
 8.17933e+18	6.29e-01	3.71e-01	6.67e-07
 8.18186e+18	6.41e-01	3.59e-01	6.81e-07
 8.18437e+18	6.53e-01	3.47e-01	6.96e-07
 8.18686e+18	6.66e-01	3.34e-01	7.09e-07
 8.18933e+18	6.77e-01	3.23e-01	7.22e-07
 8.19178e+18	6.89e-01	3.11e-01	7.35e-07
 8.19419e+18	7.00e-01	3.00e-01	7.48e-07
 8.19657e+18	7.11e-01	2.89e-01	7.59e-07
 8.19895e+18	7.22e-01	2.78e-01	7.71e-07
 8.20133e+18	7.32e-01	2.68e-01	7.81e-07
 8.20367e+18	7.42e-01	2.58e-01	7.91e-07
 8.20600e+18	7.52e-01	2.48e-01	8.02e-07
 8.20829e+18	7.61e-01	2.39e-01	8.11e-07
 8.21057e+18	7.71e-01	2.29e-01	8.19e-07
 8.21286e+18	7.80e-01	2.20e-01	8.28e-07
 8.21513e+18	7.88e-01	2.12e-01	8.35e-07
 8.21738e+18	7.97e-01	2.03e-01	8.43e-07
 8.21960e+18	8.05e-01	1.95e-01	8.49e-07
 8.22181e+18	8.13e-01	1.87e-01	8.56e-07
 8.22403e+18	8.20e-01	1.80e-01	8.60e-07
 8.22626e+18	8.28e-01	1.72e-01	8.67e-07
 8.22844e+18	8.35e-01	1.65e-01	8.71e-07
 8.23060e+18	8.42e-01	1.58e-01	8.75e-07
 8.23276e+18	8.48e-01	1.52e-01	8.78e-07
 8.23492e+18	8.55e-01	1.45e-01	8.82e-07
 8.23709e+18	8.61e-01	1.39e-01	8.83e-07
 8.23924e+18	8.67e-01	1.33e-01	8.86e-07
 8.24137e+18	8.72e-01	1.28e-01	8.87e-07
 8.24348e+18	8.78e-01	1.22e-01	8.89e-07
 8.24560e+18	8.83e-01	1.17e-01	8.88e-07
 8.24771e+18	8.88e-01	1.12e-01	8.89e-07
 8.24982e+18	8.93e-01	1.07e-01	8.88e-07
 8.25193e+18	8.98e-01	1.02e-01	8.87e-07
 8.25401e+18	9.02e-01	9.76e-02	8.85e-07
 8.25608e+18	9.07e-01	9.34e-02	8.84e-07
 8.25816e+18	9.11e-01	8.92e-02	8.81e-07
 8.26023e+18	9.15e-01	8.52e-02	8.78e-07
 8.26230e+18	9.19e-01	8.14e-02	8.75e-07
 8.26435e+18	9.22e-01	7.78e-02	8.71e-07
 8.26639e+18	9.26e-01	7.43e-02	8.67e-07
 8.26843e+18	9.29e-01	7.10e-02	8.62e-07
 8.27046e+18	9.32e-01	6.78e-02	8.58e-07
 8.27248e+18	9.35e-01	6.48e-02	8.52e-07
 8.27448e+18	9.38e-01	6.19e-02	8.47e-07
 8.27648e+18	9.41e-01	5.91e-02	8.40e-07
 8.27847e+18	9.43e-01	5.65e-02	8.34e-07
 8.28043e+18	9.46e-01	5.41e-02	8.29e-07
 8.28236e+18	9.48e-01	5.18e-02	8.22e-07
