#depth	He	He+	He+2
 2.84142e+14	2.87e-06	1.98e-01	8.02e-01
 1.70485e+15	2.87e-06	1.98e-01	8.02e-01
 7.38769e+15	2.88e-06	1.99e-01	8.01e-01
 3.01190e+16	2.94e-06	2.02e-01	7.98e-01
 7.19447e+16	2.97e-06	2.01e-01	7.99e-01
 1.26318e+17	3.09e-06	2.06e-01	7.94e-01
 1.97003e+17	3.32e-06	2.18e-01	7.82e-01
 2.88894e+17	3.74e-06	2.41e-01	7.59e-01
 4.08353e+17	4.51e-06	2.84e-01	7.16e-01
 5.31652e+17	5.65e-06	3.50e-01	6.50e-01
 6.23659e+17	6.87e-06	4.21e-01	5.79e-01
 6.86561e+17	7.93e-06	4.83e-01	5.17e-01
 7.47914e+17	9.07e-06	5.49e-01	4.51e-01
 8.27673e+17	1.07e-05	6.39e-01	3.61e-01
 9.13888e+17	1.25e-05	7.35e-01	2.65e-01
 9.95953e+17	1.42e-05	8.13e-01	1.87e-01
 1.09010e+18	1.57e-05	8.77e-01	1.23e-01
 1.20325e+18	1.71e-05	9.25e-01	7.47e-02
 1.32784e+18	1.82e-05	9.55e-01	4.48e-02
 1.47588e+18	1.91e-05	9.74e-01	2.57e-02
 1.63724e+18	1.99e-05	9.85e-01	1.49e-02
 1.80096e+18	2.06e-05	9.91e-01	8.84e-03
 1.98106e+18	2.13e-05	9.95e-01	5.14e-03
 2.17916e+18	2.20e-05	9.97e-01	2.92e-03
 2.39708e+18	2.27e-05	9.98e-01	1.62e-03
 2.63679e+18	2.35e-05	9.99e-01	8.89e-04
 2.90047e+18	2.43e-05	9.99e-01	4.86e-04
 3.19051e+18	2.53e-05	1.00e+00	2.69e-04
 3.50956e+18	2.64e-05	1.00e+00	1.55e-04
 3.86052e+18	2.76e-05	1.00e+00	9.53e-05
 4.24657e+18	2.89e-05	1.00e+00	6.30e-05
 4.67123e+18	3.04e-05	1.00e+00	4.45e-05
 5.13835e+18	3.21e-05	1.00e+00	3.31e-05
 5.65219e+18	3.41e-05	1.00e+00	2.52e-05
 6.21741e+18	3.63e-05	1.00e+00	1.95e-05
 6.83915e+18	3.88e-05	1.00e+00	1.50e-05
 7.52306e+18	4.17e-05	1.00e+00	1.15e-05
 8.27537e+18	4.50e-05	1.00e+00	8.66e-06
 9.09870e+18	4.88e-05	1.00e+00	6.45e-06
 9.97440e+18	5.31e-05	1.00e+00	4.78e-06
 1.08851e+19	5.77e-05	1.00e+00	3.54e-06
 1.18323e+19	6.27e-05	1.00e+00	2.63e-06
 1.27572e+19	6.79e-05	1.00e+00	1.99e-06
 1.36409e+19	7.30e-05	1.00e+00	1.54e-06
 1.46201e+19	7.91e-05	1.00e+00	1.17e-06
 1.57167e+19	8.62e-05	1.00e+00	8.71e-07
 1.68200e+19	9.37e-05	1.00e+00	6.60e-07
 1.79674e+19	1.02e-04	1.00e+00	5.01e-07
 1.91978e+19	1.11e-04	1.00e+00	3.80e-07
 2.04775e+19	1.22e-04	1.00e+00	2.90e-07
 2.18083e+19	1.33e-04	1.00e+00	2.23e-07
 2.31924e+19	1.46e-04	1.00e+00	1.73e-07
 2.46319e+19	1.61e-04	1.00e+00	1.35e-07
 2.60972e+19	1.77e-04	1.00e+00	1.07e-07
 2.76212e+19	1.95e-04	1.00e+00	8.51e-08
 2.91880e+19	2.15e-04	1.00e+00	6.87e-08
 3.07106e+19	2.37e-04	1.00e+00	5.65e-08
 3.23440e+19	2.64e-04	1.00e+00	4.63e-08
 3.40453e+19	2.95e-04	1.00e+00	3.83e-08
 3.55915e+19	3.27e-04	1.00e+00	3.26e-08
 3.70325e+19	3.61e-04	1.00e+00	2.82e-08
 3.86683e+19	4.08e-04	1.00e+00	2.41e-08
 4.04002e+19	4.67e-04	1.00e+00	2.07e-08
 4.18511e+19	5.28e-04	9.99e-01	1.83e-08
 4.30862e+19	5.93e-04	9.99e-01	1.66e-08
 4.41292e+19	6.60e-04	9.99e-01	1.53e-08
 4.49465e+19	7.23e-04	9.99e-01	1.44e-08
 4.56565e+19	7.90e-04	9.99e-01	1.36e-08
 4.63426e+19	8.66e-04	9.99e-01	1.30e-08
 4.70055e+19	9.55e-04	9.99e-01	1.23e-08
 4.76096e+19	1.05e-03	9.99e-01	1.18e-08
 4.81351e+19	1.16e-03	9.99e-01	1.13e-08
 4.85120e+19	1.25e-03	9.99e-01	1.10e-08
 4.87419e+19	1.31e-03	9.99e-01	1.09e-08
 4.89617e+19	1.38e-03	9.99e-01	1.07e-08
 4.92475e+19	1.47e-03	9.99e-01	1.04e-08
 4.95295e+19	1.58e-03	9.98e-01	1.02e-08
 4.97333e+19	1.67e-03	9.98e-01	1.00e-08
 4.98911e+19	1.75e-03	9.98e-01	9.93e-09
 5.00623e+19	1.84e-03	9.98e-01	9.79e-09
 5.02507e+19	1.96e-03	9.98e-01	9.65e-09
 5.04147e+19	2.08e-03	9.98e-01	9.52e-09
 5.05483e+19	2.19e-03	9.98e-01	9.42e-09
 5.06699e+19	2.29e-03	9.98e-01	9.34e-09
 5.08088e+19	2.44e-03	9.98e-01	9.22e-09
 5.09519e+19	2.59e-03	9.97e-01	9.13e-09
 5.10647e+19	2.73e-03	9.97e-01	9.05e-09
 5.11556e+19	2.87e-03	9.97e-01	9.00e-09
 5.12541e+19	3.03e-03	9.97e-01	8.93e-09
 5.13603e+19	3.22e-03	9.97e-01	8.86e-09
 5.14509e+19	3.41e-03	9.97e-01	8.82e-09
 5.15258e+19	3.58e-03	9.96e-01	8.78e-09
 5.16058e+19	3.78e-03	9.96e-01	8.73e-09
 5.16915e+19	4.04e-03	9.96e-01	8.71e-09
 5.17633e+19	4.27e-03	9.96e-01	8.69e-09
 5.18226e+19	4.49e-03	9.96e-01	8.68e-09
 5.18867e+19	4.77e-03	9.95e-01	8.66e-09
 5.19562e+19	5.10e-03	9.95e-01	8.68e-09
 5.20160e+19	5.42e-03	9.95e-01	8.68e-09
 5.20664e+19	5.74e-03	9.94e-01	8.70e-09
 5.21211e+19	6.13e-03	9.94e-01	8.74e-09
 5.21796e+19	6.62e-03	9.93e-01	8.85e-09
 5.22284e+19	7.08e-03	9.93e-01	8.90e-09
 5.22681e+19	7.51e-03	9.92e-01	8.98e-09
 5.23108e+19	8.06e-03	9.92e-01	9.09e-09
 5.23571e+19	8.73e-03	9.91e-01	9.27e-09
 5.23970e+19	9.39e-03	9.91e-01	9.43e-09
 5.24302e+19	1.00e-02	9.90e-01	9.63e-09
 5.24662e+19	1.09e-02	9.89e-01	9.93e-09
 5.25054e+19	1.19e-02	9.88e-01	1.03e-08
 5.25395e+19	1.30e-02	9.87e-01	1.06e-08
 5.25683e+19	1.40e-02	9.86e-01	1.12e-08
 5.25997e+19	1.54e-02	9.85e-01	1.16e-08
 5.26341e+19	1.72e-02	9.83e-01	1.24e-08
 5.26613e+19	1.88e-02	9.81e-01	1.33e-08
 5.26799e+19	2.01e-02	9.80e-01	1.40e-08
 5.26984e+19	2.16e-02	9.78e-01	1.47e-08
 5.27225e+19	2.38e-02	9.76e-01	1.60e-08
 5.27462e+19	2.63e-02	9.74e-01	1.74e-08
 5.27634e+19	2.85e-02	9.72e-01	1.87e-08
 5.27775e+19	3.05e-02	9.69e-01	1.98e-08
 5.27934e+19	3.32e-02	9.67e-01	2.10e-08
 5.28109e+19	3.63e-02	9.64e-01	2.34e-08
 5.28266e+19	3.96e-02	9.60e-01	2.58e-08
 5.28406e+19	4.30e-02	9.57e-01	2.80e-08
 5.28541e+19	4.66e-02	9.53e-01	3.08e-08
 5.28696e+19	5.15e-02	9.48e-01	3.45e-08
 5.28858e+19	5.72e-02	9.43e-01	3.92e-08
 5.28991e+19	6.26e-02	9.37e-01	4.39e-08
 5.29107e+19	6.81e-02	9.32e-01	4.84e-08
 5.29238e+19	7.53e-02	9.25e-01	5.46e-08
 5.29383e+19	8.40e-02	9.16e-01	6.35e-08
 5.29512e+19	9.29e-02	9.07e-01	7.27e-08
 5.29627e+19	1.02e-01	8.98e-01	8.20e-08
 5.29742e+19	1.13e-01	8.87e-01	9.31e-08
 5.29855e+19	1.24e-01	8.76e-01	1.06e-07
 5.29957e+19	1.36e-01	8.64e-01	1.19e-07
 5.30046e+19	1.47e-01	8.53e-01	1.32e-07
 5.30130e+19	1.59e-01	8.41e-01	1.46e-07
 5.30211e+19	1.71e-01	8.29e-01	1.60e-07
 5.30275e+19	1.81e-01	8.19e-01	1.73e-07
 5.30317e+19	1.88e-01	8.12e-01	1.80e-07
 5.30361e+19	1.97e-01	8.03e-01	1.88e-07
 5.30414e+19	2.07e-01	7.93e-01	2.00e-07
 5.30468e+19	2.18e-01	7.82e-01	2.14e-07
 5.30512e+19	2.26e-01	7.74e-01	2.26e-07
 5.30553e+19	2.36e-01	7.64e-01	2.36e-07
 5.30599e+19	2.46e-01	7.54e-01	2.49e-07
 5.30647e+19	2.58e-01	7.42e-01	2.64e-07
 5.30691e+19	2.68e-01	7.32e-01	2.79e-07
 5.30732e+19	2.79e-01	7.21e-01	2.91e-07
 5.30774e+19	2.90e-01	7.10e-01	3.06e-07
 5.30818e+19	3.02e-01	6.98e-01	3.22e-07
 5.30862e+19	3.14e-01	6.86e-01	3.39e-07
 5.30902e+19	3.26e-01	6.74e-01	3.54e-07
 5.30942e+19	3.38e-01	6.62e-01	3.70e-07
 5.30984e+19	3.51e-01	6.49e-01	3.86e-07
 5.31026e+19	3.64e-01	6.36e-01	4.06e-07
 5.31066e+19	3.78e-01	6.22e-01	4.23e-07
 5.31105e+19	3.91e-01	6.09e-01	4.41e-07
 5.31145e+19	4.05e-01	5.95e-01	4.58e-07
 5.31185e+19	4.19e-01	5.81e-01	4.78e-07
 5.31225e+19	4.33e-01	5.67e-01	4.97e-07
 5.31264e+19	4.47e-01	5.53e-01	5.16e-07
 5.31302e+19	4.61e-01	5.39e-01	5.34e-07
 5.31341e+19	4.76e-01	5.24e-01	5.54e-07
 5.31380e+19	4.91e-01	5.09e-01	5.74e-07
 5.31417e+19	5.05e-01	4.95e-01	5.93e-07
 5.31453e+19	5.20e-01	4.80e-01	6.10e-07
 5.31490e+19	5.34e-01	4.66e-01	6.28e-07
 5.31527e+19	5.49e-01	4.51e-01	6.47e-07
 5.31563e+19	5.63e-01	4.37e-01	6.66e-07
 5.31597e+19	5.77e-01	4.23e-01	6.83e-07
 5.31631e+19	5.90e-01	4.10e-01	6.98e-07
 5.31666e+19	6.04e-01	3.96e-01	7.15e-07
 5.31700e+19	6.18e-01	3.82e-01	7.32e-07
 5.31733e+19	6.31e-01	3.69e-01	7.48e-07
 5.31765e+19	6.43e-01	3.57e-01	7.61e-07
 5.31797e+19	6.56e-01	3.44e-01	7.75e-07
 5.31830e+19	6.69e-01	3.31e-01	7.90e-07
 5.31862e+19	6.81e-01	3.19e-01	8.04e-07
 5.31892e+19	6.92e-01	3.08e-01	8.16e-07
 5.31923e+19	7.04e-01	2.96e-01	8.28e-07
 5.31953e+19	7.15e-01	2.85e-01	8.39e-07
 5.31984e+19	7.26e-01	2.74e-01	8.51e-07
 5.32014e+19	7.36e-01	2.64e-01	8.62e-07
 5.32043e+19	7.47e-01	2.53e-01	8.72e-07
 5.32072e+19	7.57e-01	2.43e-01	8.80e-07
 5.32101e+19	7.66e-01	2.34e-01	8.89e-07
 5.32130e+19	7.76e-01	2.24e-01	8.97e-07
 5.32158e+19	7.85e-01	2.15e-01	9.05e-07
 5.32186e+19	7.93e-01	2.07e-01	9.11e-07
 5.32214e+19	8.02e-01	1.98e-01	9.18e-07
 5.32242e+19	8.10e-01	1.90e-01	9.24e-07
 5.32270e+19	8.18e-01	1.82e-01	9.29e-07
 5.32297e+19	8.26e-01	1.74e-01	9.33e-07
 5.32324e+19	8.33e-01	1.67e-01	9.37e-07
 5.32352e+19	8.40e-01	1.60e-01	9.40e-07
 5.32378e+19	8.47e-01	1.53e-01	9.44e-07
 5.32405e+19	8.54e-01	1.46e-01	9.45e-07
 5.32431e+19	8.60e-01	1.40e-01	9.47e-07
 5.32458e+19	8.67e-01	1.33e-01	9.47e-07
 5.32484e+19	8.72e-01	1.28e-01	9.49e-07
 5.32510e+19	8.78e-01	1.22e-01	9.48e-07
 5.32536e+19	8.84e-01	1.16e-01	9.47e-07
 5.32562e+19	8.89e-01	1.11e-01	9.46e-07
 5.32588e+19	8.94e-01	1.06e-01	9.45e-07
 5.32614e+19	8.99e-01	1.01e-01	9.42e-07
 5.32639e+19	9.04e-01	9.64e-02	9.39e-07
 5.32665e+19	9.08e-01	9.19e-02	9.35e-07
 5.32690e+19	9.12e-01	8.76e-02	9.32e-07
 5.32716e+19	9.17e-01	8.34e-02	9.27e-07
 5.32741e+19	9.21e-01	7.95e-02	9.22e-07
 5.32766e+19	9.24e-01	7.57e-02	9.16e-07
 5.32791e+19	9.28e-01	7.20e-02	9.10e-07
 5.32816e+19	9.32e-01	6.85e-02	9.03e-07
 5.32841e+19	9.35e-01	6.51e-02	8.97e-07
 5.32866e+19	9.38e-01	6.20e-02	8.89e-07
 5.32891e+19	9.41e-01	5.89e-02	8.81e-07
 5.32916e+19	9.44e-01	5.60e-02	8.73e-07
 5.32941e+19	9.47e-01	5.31e-02	8.64e-07
 5.32965e+19	9.50e-01	5.05e-02	8.55e-07
 5.32990e+19	9.52e-01	4.79e-02	8.46e-07
