#depth	He	He+	He+2
 9.05619e+13	4.27e-05	6.09e-01	3.91e-01
 5.43371e+14	4.28e-05	6.09e-01	3.90e-01
 2.35461e+15	4.29e-05	6.11e-01	3.89e-01
 9.59956e+15	4.36e-05	6.17e-01	3.83e-01
 2.29303e+16	4.42e-05	6.17e-01	3.82e-01
 4.02602e+16	4.54e-05	6.27e-01	3.73e-01
 6.27891e+16	4.75e-05	6.46e-01	3.54e-01
 9.20767e+16	5.08e-05	6.77e-01	3.23e-01
 1.30151e+17	5.54e-05	7.23e-01	2.77e-01
 1.79647e+17	6.19e-05	7.85e-01	2.15e-01
 2.43991e+17	6.99e-05	8.57e-01	1.43e-01
 3.27640e+17	7.87e-05	9.22e-01	7.80e-02
 4.36382e+17	8.72e-05	9.65e-01	3.45e-02
 5.77748e+17	9.55e-05	9.87e-01	1.33e-02
 7.51718e+17	1.04e-04	9.95e-01	5.15e-03
 9.43617e+17	1.14e-04	9.98e-01	2.19e-03
 1.14319e+18	1.23e-04	9.99e-01	1.01e-03
 1.35075e+18	1.34e-04	9.99e-01	4.80e-04
 1.56661e+18	1.45e-04	1.00e+00	2.33e-04
 1.79111e+18	1.58e-04	1.00e+00	1.14e-04
 2.00083e+18	1.70e-04	1.00e+00	6.13e-05
 2.20091e+18	1.82e-04	1.00e+00	3.46e-05
 2.42101e+18	1.96e-04	1.00e+00	1.91e-05
 2.66311e+18	2.12e-04	1.00e+00	1.05e-05
 2.92664e+18	2.30e-04	1.00e+00	5.85e-06
 3.20553e+18	2.50e-04	1.00e+00	3.42e-06
 3.49558e+18	2.72e-04	1.00e+00	2.13e-06
 3.79724e+18	2.96e-04	1.00e+00	1.42e-06
 4.11096e+18	3.22e-04	1.00e+00	1.00e-06
 4.43722e+18	3.51e-04	1.00e+00	7.46e-07
 4.77654e+18	3.83e-04	1.00e+00	5.74e-07
 5.12944e+18	4.18e-04	1.00e+00	4.53e-07
 5.49644e+18	4.57e-04	1.00e+00	3.64e-07
 5.87813e+18	5.00e-04	9.99e-01	2.95e-07
 6.27509e+18	5.48e-04	9.99e-01	2.40e-07
 6.68792e+18	6.02e-04	9.99e-01	1.97e-07
 7.11727e+18	6.63e-04	9.99e-01	1.61e-07
 7.56379e+18	7.31e-04	9.99e-01	1.32e-07
 8.02817e+18	8.09e-04	9.99e-01	1.09e-07
 8.51113e+18	8.99e-04	9.99e-01	8.91e-08
 9.01340e+18	1.00e-03	9.99e-01	7.31e-08
 9.51740e+18	1.12e-03	9.99e-01	6.06e-08
 9.98632e+18	1.25e-03	9.99e-01	5.13e-08
 1.04209e+19	1.38e-03	9.99e-01	4.42e-08
 1.07991e+19	1.51e-03	9.98e-01	3.91e-08
 1.10719e+19	1.62e-03	9.98e-01	3.60e-08
 1.12765e+19	1.71e-03	9.98e-01	3.38e-08
 1.14982e+19	1.82e-03	9.98e-01	3.14e-08
 1.17422e+19	1.94e-03	9.98e-01	2.92e-08
 1.19574e+19	2.07e-03	9.98e-01	2.75e-08
 1.21382e+19	2.19e-03	9.98e-01	2.61e-08
 1.23056e+19	2.31e-03	9.98e-01	2.49e-08
 1.24969e+19	2.47e-03	9.98e-01	2.35e-08
 1.26925e+19	2.65e-03	9.97e-01	2.23e-08
 1.28449e+19	2.81e-03	9.97e-01	2.15e-08
 1.29682e+19	2.95e-03	9.97e-01	2.08e-08
 1.31027e+19	3.13e-03	9.97e-01	2.00e-08
 1.32473e+19	3.34e-03	9.97e-01	1.93e-08
 1.33698e+19	3.54e-03	9.96e-01	1.87e-08
 1.34709e+19	3.73e-03	9.96e-01	1.82e-08
 1.35794e+19	3.96e-03	9.96e-01	1.77e-08
 1.36943e+19	4.23e-03	9.96e-01	1.72e-08
 1.37893e+19	4.49e-03	9.96e-01	1.68e-08
 1.38675e+19	4.72e-03	9.95e-01	1.64e-08
 1.39521e+19	5.01e-03	9.95e-01	1.61e-08
 1.40424e+19	5.36e-03	9.95e-01	1.57e-08
 1.41183e+19	5.69e-03	9.94e-01	1.54e-08
 1.41813e+19	6.01e-03	9.94e-01	1.52e-08
 1.42494e+19	6.41e-03	9.94e-01	1.49e-08
 1.43223e+19	6.88e-03	9.93e-01	1.47e-08
 1.43838e+19	7.34e-03	9.93e-01	1.45e-08
 1.44351e+19	7.78e-03	9.92e-01	1.43e-08
 1.44907e+19	8.34e-03	9.92e-01	1.41e-08
 1.45507e+19	9.03e-03	9.91e-01	1.40e-08
 1.46014e+19	9.71e-03	9.90e-01	1.38e-08
 1.46426e+19	1.04e-02	9.90e-01	1.37e-08
 1.46860e+19	1.12e-02	9.89e-01	1.37e-08
 1.47325e+19	1.21e-02	9.88e-01	1.36e-08
 1.47713e+19	1.31e-02	9.87e-01	1.36e-08
 1.48025e+19	1.40e-02	9.86e-01	1.36e-08
 1.48356e+19	1.52e-02	9.85e-01	1.36e-08
 1.48713e+19	1.67e-02	9.83e-01	1.38e-08
 1.49016e+19	1.82e-02	9.82e-01	1.38e-08
 1.49260e+19	1.97e-02	9.80e-01	1.41e-08
 1.49518e+19	2.15e-02	9.78e-01	1.43e-08
 1.49796e+19	2.39e-02	9.76e-01	1.50e-08
 1.50033e+19	2.64e-02	9.74e-01	1.56e-08
 1.50211e+19	2.87e-02	9.71e-01	1.64e-08
 1.50350e+19	3.08e-02	9.69e-01	1.71e-08
 1.50498e+19	3.34e-02	9.67e-01	1.80e-08
 1.50657e+19	3.65e-02	9.63e-01	1.95e-08
 1.50791e+19	3.97e-02	9.60e-01	2.08e-08
 1.50899e+19	4.25e-02	9.57e-01	2.25e-08
 1.51012e+19	4.61e-02	9.54e-01	2.44e-08
 1.51132e+19	5.03e-02	9.50e-01	2.70e-08
 1.51234e+19	5.44e-02	9.46e-01	2.98e-08
 1.51318e+19	5.83e-02	9.42e-01	3.26e-08
 1.51411e+19	6.31e-02	9.37e-01	3.61e-08
 1.51511e+19	6.89e-02	9.31e-01	4.06e-08
 1.51597e+19	7.44e-02	9.26e-01	4.55e-08
 1.51671e+19	8.00e-02	9.20e-01	5.01e-08
 1.51753e+19	8.69e-02	9.13e-01	5.62e-08
 1.51844e+19	9.49e-02	9.05e-01	6.43e-08
 1.51924e+19	1.03e-01	8.97e-01	7.19e-08
 1.51995e+19	1.11e-01	8.89e-01	8.04e-08
 1.52067e+19	1.20e-01	8.80e-01	8.95e-08
 1.52146e+19	1.31e-01	8.69e-01	1.01e-07
 1.52225e+19	1.43e-01	8.57e-01	1.15e-07
 1.52294e+19	1.54e-01	8.46e-01	1.27e-07
 1.52355e+19	1.65e-01	8.35e-01	1.39e-07
 1.52415e+19	1.77e-01	8.23e-01	1.53e-07
 1.52465e+19	1.86e-01	8.14e-01	1.65e-07
 1.52498e+19	1.94e-01	8.06e-01	1.72e-07
 1.52530e+19	2.02e-01	7.98e-01	1.79e-07
 1.52570e+19	2.11e-01	7.89e-01	1.90e-07
 1.52611e+19	2.22e-01	7.78e-01	2.02e-07
 1.52648e+19	2.31e-01	7.69e-01	2.14e-07
 1.52682e+19	2.40e-01	7.60e-01	2.24e-07
 1.52717e+19	2.50e-01	7.50e-01	2.35e-07
 1.52754e+19	2.60e-01	7.40e-01	2.48e-07
 1.52790e+19	2.71e-01	7.29e-01	2.62e-07
 1.52824e+19	2.82e-01	7.18e-01	2.75e-07
 1.52859e+19	2.92e-01	7.08e-01	2.88e-07
 1.52893e+19	3.04e-01	6.96e-01	3.02e-07
 1.52928e+19	3.16e-01	6.84e-01	3.18e-07
 1.52962e+19	3.28e-01	6.72e-01	3.32e-07
 1.52996e+19	3.40e-01	6.60e-01	3.48e-07
 1.53029e+19	3.52e-01	6.48e-01	3.63e-07
 1.53063e+19	3.65e-01	6.35e-01	3.81e-07
 1.53097e+19	3.78e-01	6.22e-01	3.97e-07
 1.53130e+19	3.91e-01	6.09e-01	4.14e-07
 1.53163e+19	4.04e-01	5.96e-01	4.31e-07
 1.53196e+19	4.18e-01	5.82e-01	4.49e-07
 1.53229e+19	4.32e-01	5.68e-01	4.67e-07
 1.53262e+19	4.46e-01	5.54e-01	4.86e-07
 1.53294e+19	4.60e-01	5.40e-01	5.04e-07
 1.53327e+19	4.74e-01	5.26e-01	5.22e-07
 1.53359e+19	4.89e-01	5.11e-01	5.41e-07
 1.53391e+19	5.03e-01	4.97e-01	5.59e-07
 1.53423e+19	5.17e-01	4.83e-01	5.77e-07
 1.53454e+19	5.32e-01	4.68e-01	5.96e-07
 1.53485e+19	5.46e-01	4.54e-01	6.13e-07
 1.53516e+19	5.60e-01	4.40e-01	6.31e-07
 1.53546e+19	5.74e-01	4.26e-01	6.47e-07
 1.53576e+19	5.87e-01	4.13e-01	6.64e-07
 1.53606e+19	6.01e-01	3.99e-01	6.80e-07
 1.53635e+19	6.14e-01	3.86e-01	6.97e-07
 1.53663e+19	6.27e-01	3.73e-01	7.11e-07
 1.53692e+19	6.40e-01	3.60e-01	7.26e-07
 1.53720e+19	6.52e-01	3.48e-01	7.40e-07
 1.53748e+19	6.65e-01	3.35e-01	7.55e-07
 1.53775e+19	6.76e-01	3.24e-01	7.68e-07
 1.53802e+19	6.88e-01	3.12e-01	7.81e-07
 1.53829e+19	6.99e-01	3.01e-01	7.93e-07
 1.53856e+19	7.10e-01	2.90e-01	8.06e-07
 1.53883e+19	7.21e-01	2.79e-01	8.16e-07
 1.53909e+19	7.32e-01	2.68e-01	8.28e-07
 1.53935e+19	7.42e-01	2.58e-01	8.38e-07
 1.53960e+19	7.52e-01	2.48e-01	8.48e-07
 1.53986e+19	7.62e-01	2.38e-01	8.56e-07
 1.54012e+19	7.71e-01	2.29e-01	8.65e-07
 1.54037e+19	7.80e-01	2.20e-01	8.74e-07
 1.54062e+19	7.89e-01	2.11e-01	8.82e-07
 1.54086e+19	7.97e-01	2.03e-01	8.88e-07
 1.54111e+19	8.06e-01	1.94e-01	8.95e-07
 1.54136e+19	8.14e-01	1.86e-01	9.00e-07
 1.54160e+19	8.21e-01	1.79e-01	9.06e-07
 1.54185e+19	8.29e-01	1.71e-01	9.10e-07
 1.54209e+19	8.36e-01	1.64e-01	9.15e-07
 1.54233e+19	8.43e-01	1.57e-01	9.18e-07
 1.54257e+19	8.49e-01	1.51e-01	9.21e-07
 1.54281e+19	8.56e-01	1.44e-01	9.24e-07
 1.54304e+19	8.62e-01	1.38e-01	9.26e-07
 1.54328e+19	8.68e-01	1.32e-01	9.27e-07
 1.54351e+19	8.74e-01	1.26e-01	9.28e-07
 1.54375e+19	8.79e-01	1.21e-01	9.28e-07
 1.54398e+19	8.85e-01	1.15e-01	9.28e-07
 1.54421e+19	8.90e-01	1.10e-01	9.27e-07
 1.54444e+19	8.95e-01	1.05e-01	9.26e-07
 1.54467e+19	8.99e-01	1.01e-01	9.24e-07
 1.54490e+19	9.04e-01	9.60e-02	9.22e-07
 1.54513e+19	9.08e-01	9.16e-02	9.18e-07
 1.54536e+19	9.13e-01	8.74e-02	9.16e-07
 1.54559e+19	9.17e-01	8.33e-02	9.12e-07
 1.54582e+19	9.20e-01	7.95e-02	9.08e-07
 1.54604e+19	9.24e-01	7.58e-02	9.03e-07
 1.54627e+19	9.28e-01	7.23e-02	8.97e-07
 1.54650e+19	9.31e-01	6.88e-02	8.92e-07
 1.54672e+19	9.34e-01	6.56e-02	8.86e-07
 1.54695e+19	9.37e-01	6.25e-02	8.79e-07
 1.54717e+19	9.40e-01	5.96e-02	8.72e-07
 1.54740e+19	9.43e-01	5.67e-02	8.65e-07
 1.54762e+19	9.46e-01	5.40e-02	8.57e-07
 1.54784e+19	9.49e-01	5.14e-02	8.50e-07
 1.54806e+19	9.51e-01	4.90e-02	8.42e-07
