#depth	O	O+	O+2	O+3	O+4	O+5	O+6	O+7	O+8	O[1]	O[2]	O[3]
 7.35621e+13	3.06e-08	1.84e-03	8.64e-01	1.33e-01	3.90e-04	0.00e+00	0.00e+00	0.00e+00	0.00e+00	3.00e-08	3.13e-10	3.46e-10
 4.41373e+14	3.07e-08	1.84e-03	8.65e-01	1.33e-01	3.88e-04	0.00e+00	0.00e+00	0.00e+00	0.00e+00	3.00e-08	3.13e-10	3.46e-10
 1.91262e+15	3.08e-08	1.84e-03	8.66e-01	1.31e-01	3.81e-04	0.00e+00	0.00e+00	0.00e+00	0.00e+00	3.02e-08	3.15e-10	3.47e-10
 7.79758e+15	3.13e-08	1.86e-03	8.72e-01	1.26e-01	3.55e-04	0.00e+00	0.00e+00	0.00e+00	0.00e+00	3.07e-08	3.19e-10	3.52e-10
 1.86259e+16	3.22e-08	1.89e-03	8.80e-01	1.18e-01	3.20e-04	0.00e+00	0.00e+00	0.00e+00	0.00e+00	3.15e-08	3.26e-10	3.61e-10
 3.27028e+16	3.33e-08	1.94e-03	8.90e-01	1.08e-01	2.78e-04	0.00e+00	0.00e+00	0.00e+00	0.00e+00	3.26e-08	3.36e-10	3.72e-10
 5.10027e+16	3.48e-08	1.99e-03	9.02e-01	9.56e-02	2.31e-04	0.00e+00	0.00e+00	0.00e+00	0.00e+00	3.40e-08	3.48e-10	3.86e-10
 7.47925e+16	3.67e-08	2.06e-03	9.17e-01	8.10e-02	1.80e-04	0.00e+00	0.00e+00	0.00e+00	0.00e+00	3.59e-08	3.64e-10	4.05e-10
 1.05719e+17	3.91e-08	2.14e-03	9.33e-01	6.46e-02	1.28e-04	0.00e+00	0.00e+00	0.00e+00	0.00e+00	3.83e-08	3.85e-10	4.29e-10
 1.45924e+17	4.23e-08	2.24e-03	9.50e-01	4.72e-02	8.02e-05	0.00e+00	0.00e+00	0.00e+00	0.00e+00	4.14e-08	4.12e-10	4.60e-10
 1.98191e+17	4.65e-08	2.36e-03	9.67e-01	3.09e-02	4.27e-05	0.00e+00	0.00e+00	0.00e+00	0.00e+00	4.55e-08	4.48e-10	5.01e-10
 2.66137e+17	5.21e-08	2.51e-03	9.80e-01	1.76e-02	1.86e-05	0.00e+00	0.00e+00	0.00e+00	0.00e+00	5.11e-08	4.97e-10	5.56e-10
 3.54467e+17	5.97e-08	2.69e-03	9.88e-01	8.84e-03	6.49e-06	0.00e+00	0.00e+00	0.00e+00	0.00e+00	5.85e-08	5.62e-10	6.29e-10
 4.69296e+17	7.03e-08	2.90e-03	9.93e-01	3.99e-03	1.84e-06	0.00e+00	0.00e+00	0.00e+00	0.00e+00	6.89e-08	6.51e-10	7.30e-10
 6.05561e+17	8.45e-08	3.17e-03	9.95e-01	1.80e-03	4.85e-07	0.00e+00	0.00e+00	0.00e+00	0.00e+00	8.28e-08	7.69e-10	8.62e-10
 7.51140e+17	1.02e-07	3.45e-03	9.96e-01	8.80e-04	1.36e-07	0.00e+00	0.00e+00	0.00e+00	0.00e+00	9.99e-08	9.12e-10	1.02e-09
 9.02541e+17	1.23e-07	3.76e-03	9.96e-01	4.57e-04	0.00e+00	0.00e+00	0.00e+00	0.00e+00	0.00e+00	1.20e-07	1.08e-09	1.21e-09
 1.06000e+18	1.48e-07	4.09e-03	9.96e-01	2.45e-04	0.00e+00	0.00e+00	0.00e+00	0.00e+00	0.00e+00	1.45e-07	1.29e-09	1.45e-09
 1.22375e+18	1.79e-07	4.46e-03	9.95e-01	1.33e-04	0.00e+00	0.00e+00	0.00e+00	0.00e+00	0.00e+00	1.75e-07	1.54e-09	1.72e-09
 1.39406e+18	2.16e-07	4.87e-03	9.95e-01	7.33e-05	0.00e+00	0.00e+00	0.00e+00	0.00e+00	0.00e+00	2.12e-07	1.84e-09	2.06e-09
 1.55493e+18	2.57e-07	5.27e-03	9.95e-01	4.33e-05	0.00e+00	0.00e+00	0.00e+00	0.00e+00	0.00e+00	2.53e-07	2.16e-09	2.42e-09
 1.71042e+18	3.03e-07	5.67e-03	9.94e-01	2.64e-05	0.00e+00	0.00e+00	0.00e+00	0.00e+00	0.00e+00	2.98e-07	2.52e-09	2.83e-09
 1.88146e+18	3.61e-07	6.15e-03	9.94e-01	1.59e-05	0.00e+00	0.00e+00	0.00e+00	0.00e+00	0.00e+00	3.55e-07	2.98e-09	3.34e-09
 2.06961e+18	4.36e-07	6.69e-03	9.93e-01	9.48e-06	0.00e+00	0.00e+00	0.00e+00	0.00e+00	0.00e+00	4.29e-07	3.57e-09	4.00e-09
 2.27220e+18	5.30e-07	7.31e-03	9.93e-01	5.78e-06	0.00e+00	0.00e+00	0.00e+00	0.00e+00	0.00e+00	5.21e-07	4.30e-09	4.82e-09
 2.48444e+18	6.48e-07	8.01e-03	9.92e-01	3.70e-06	0.00e+00	0.00e+00	0.00e+00	0.00e+00	0.00e+00	6.37e-07	5.21e-09	5.84e-09
 2.70518e+18	7.92e-07	8.77e-03	9.91e-01	2.51e-06	0.00e+00	0.00e+00	0.00e+00	0.00e+00	0.00e+00	7.79e-07	6.32e-09	7.08e-09
 2.93474e+18	9.72e-07	9.62e-03	9.90e-01	1.81e-06	0.00e+00	0.00e+00	0.00e+00	0.00e+00	0.00e+00	9.56e-07	7.69e-09	8.62e-09
 3.17349e+18	1.19e-06	1.06e-02	9.89e-01	1.38e-06	0.00e+00	0.00e+00	0.00e+00	0.00e+00	0.00e+00	1.17e-06	9.38e-09	1.05e-08
 3.42178e+18	1.47e-06	1.16e-02	9.88e-01	1.10e-06	0.00e+00	0.00e+00	0.00e+00	0.00e+00	0.00e+00	1.45e-06	1.15e-08	1.29e-08
 3.68001e+18	1.82e-06	1.28e-02	9.87e-01	9.15e-07	0.00e+00	0.00e+00	0.00e+00	0.00e+00	0.00e+00	1.79e-06	1.41e-08	1.58e-08
 3.94856e+18	2.26e-06	1.41e-02	9.86e-01	7.77e-07	0.00e+00	0.00e+00	0.00e+00	0.00e+00	0.00e+00	2.22e-06	1.74e-08	1.95e-08
 4.22786e+18	2.82e-06	1.55e-02	9.84e-01	6.71e-07	0.00e+00	0.00e+00	0.00e+00	0.00e+00	0.00e+00	2.77e-06	2.16e-08	2.41e-08
 4.51833e+18	3.53e-06	1.72e-02	9.83e-01	5.85e-07	0.00e+00	0.00e+00	0.00e+00	0.00e+00	0.00e+00	3.47e-06	2.68e-08	3.00e-08
 4.82042e+18	4.44e-06	1.90e-02	9.81e-01	5.13e-07	0.00e+00	0.00e+00	0.00e+00	0.00e+00	0.00e+00	4.37e-06	3.36e-08	3.76e-08
 5.13459e+18	5.63e-06	2.11e-02	9.79e-01	4.52e-07	0.00e+00	0.00e+00	0.00e+00	0.00e+00	0.00e+00	5.54e-06	4.24e-08	4.74e-08
 5.46133e+18	7.20e-06	2.35e-02	9.76e-01	3.99e-07	0.00e+00	0.00e+00	0.00e+00	0.00e+00	0.00e+00	7.08e-06	5.39e-08	6.03e-08
 5.78947e+18	9.20e-06	2.62e-02	9.74e-01	3.53e-07	0.00e+00	0.00e+00	0.00e+00	0.00e+00	0.00e+00	9.05e-06	6.87e-08	7.67e-08
 6.11035e+18	1.17e-05	2.91e-02	9.71e-01	3.15e-07	0.00e+00	0.00e+00	0.00e+00	0.00e+00	0.00e+00	1.15e-05	8.72e-08	9.74e-08
 6.45574e+18	1.53e-05	3.26e-02	9.67e-01	2.81e-07	0.00e+00	0.00e+00	0.00e+00	0.00e+00	0.00e+00	1.51e-05	1.13e-07	1.27e-07
 6.78487e+18	1.97e-05	3.63e-02	9.64e-01	2.51e-07	0.00e+00	0.00e+00	0.00e+00	0.00e+00	0.00e+00	1.94e-05	1.46e-07	1.63e-07
 7.04471e+18	2.43e-05	3.97e-02	9.60e-01	2.31e-07	0.00e+00	0.00e+00	0.00e+00	0.00e+00	0.00e+00	2.39e-05	1.79e-07	2.00e-07
 7.25560e+18	2.89e-05	4.27e-02	9.57e-01	2.14e-07	0.00e+00	0.00e+00	0.00e+00	0.00e+00	0.00e+00	2.84e-05	2.12e-07	2.37e-07
 7.44219e+18	3.39e-05	4.56e-02	9.54e-01	2.01e-07	0.00e+00	0.00e+00	0.00e+00	0.00e+00	0.00e+00	3.33e-05	2.49e-07	2.77e-07
 7.65489e+18	4.09e-05	4.93e-02	9.51e-01	1.87e-07	0.00e+00	0.00e+00	0.00e+00	0.00e+00	0.00e+00	4.03e-05	3.00e-07	3.35e-07
 7.87678e+18	5.01e-05	5.36e-02	9.46e-01	1.73e-07	0.00e+00	0.00e+00	0.00e+00	0.00e+00	0.00e+00	4.93e-05	3.66e-07	4.09e-07
 8.05788e+18	5.94e-05	5.76e-02	9.42e-01	1.62e-07	0.00e+00	0.00e+00	0.00e+00	0.00e+00	0.00e+00	5.85e-05	4.34e-07	4.84e-07
 8.21069e+18	6.93e-05	6.14e-02	9.39e-01	1.54e-07	0.00e+00	0.00e+00	0.00e+00	0.00e+00	0.00e+00	6.82e-05	5.06e-07	5.64e-07
 8.37948e+18	8.27e-05	6.60e-02	9.34e-01	1.43e-07	0.00e+00	0.00e+00	0.00e+00	0.00e+00	0.00e+00	8.14e-05	6.03e-07	6.73e-07
 8.55891e+18	1.01e-04	7.17e-02	9.28e-01	1.33e-07	0.00e+00	0.00e+00	0.00e+00	0.00e+00	0.00e+00	9.91e-05	7.33e-07	8.17e-07
 8.70904e+18	1.20e-04	7.71e-02	9.23e-01	0.00e+00	0.00e+00	0.00e+00	0.00e+00	0.00e+00	0.00e+00	1.18e-04	8.72e-07	9.72e-07
 8.83440e+18	1.40e-04	8.22e-02	9.18e-01	0.00e+00	0.00e+00	0.00e+00	0.00e+00	0.00e+00	0.00e+00	1.38e-04	1.02e-06	1.13e-06
 8.97067e+18	1.67e-04	8.86e-02	9.11e-01	0.00e+00	0.00e+00	0.00e+00	0.00e+00	0.00e+00	0.00e+00	1.64e-04	1.21e-06	1.35e-06
 9.11496e+18	2.03e-04	9.62e-02	9.04e-01	0.00e+00	0.00e+00	0.00e+00	0.00e+00	0.00e+00	0.00e+00	2.00e-04	1.47e-06	1.64e-06
 9.23458e+18	2.42e-04	1.04e-01	8.96e-01	0.00e+00	0.00e+00	0.00e+00	0.00e+00	0.00e+00	0.00e+00	2.38e-04	1.75e-06	1.95e-06
 9.33367e+18	2.82e-04	1.11e-01	8.89e-01	0.00e+00	0.00e+00	0.00e+00	0.00e+00	0.00e+00	0.00e+00	2.78e-04	2.04e-06	2.28e-06
 9.44114e+18	3.36e-04	1.19e-01	8.80e-01	0.00e+00	0.00e+00	0.00e+00	0.00e+00	0.00e+00	0.00e+00	3.31e-04	2.44e-06	2.72e-06
 9.55544e+18	4.10e-04	1.30e-01	8.70e-01	0.00e+00	0.00e+00	0.00e+00	0.00e+00	0.00e+00	0.00e+00	4.04e-04	2.97e-06	3.31e-06
 9.65085e+18	4.90e-04	1.40e-01	8.59e-01	0.00e+00	0.00e+00	0.00e+00	0.00e+00	0.00e+00	0.00e+00	4.83e-04	3.55e-06	3.95e-06
 9.72995e+18	5.73e-04	1.50e-01	8.49e-01	0.00e+00	0.00e+00	0.00e+00	0.00e+00	0.00e+00	0.00e+00	5.64e-04	4.14e-06	4.61e-06
 9.81559e+18	6.86e-04	1.63e-01	8.37e-01	0.00e+00	0.00e+00	0.00e+00	0.00e+00	0.00e+00	0.00e+00	6.76e-04	4.96e-06	5.52e-06
 9.90689e+18	8.40e-04	1.78e-01	8.22e-01	0.00e+00	0.00e+00	0.00e+00	0.00e+00	0.00e+00	0.00e+00	8.28e-04	6.07e-06	6.75e-06
 9.98344e+18	1.01e-03	1.92e-01	8.07e-01	0.00e+00	0.00e+00	0.00e+00	0.00e+00	0.00e+00	0.00e+00	9.94e-04	7.28e-06	8.10e-06
 1.00471e+19	1.19e-03	2.06e-01	7.93e-01	0.00e+00	0.00e+00	0.00e+00	0.00e+00	0.00e+00	0.00e+00	1.17e-03	8.55e-06	9.51e-06
 1.01160e+19	1.43e-03	2.24e-01	7.75e-01	0.00e+00	0.00e+00	0.00e+00	0.00e+00	0.00e+00	0.00e+00	1.41e-03	1.03e-05	1.14e-05
 1.01898e+19	1.76e-03	2.45e-01	7.53e-01	0.00e+00	0.00e+00	0.00e+00	0.00e+00	0.00e+00	0.00e+00	1.73e-03	1.27e-05	1.41e-05
 1.02521e+19	2.13e-03	2.66e-01	7.32e-01	0.00e+00	0.00e+00	0.00e+00	0.00e+00	0.00e+00	0.00e+00	2.10e-03	1.53e-05	1.71e-05
 1.03043e+19	2.53e-03	2.86e-01	7.12e-01	0.00e+00	0.00e+00	0.00e+00	0.00e+00	0.00e+00	0.00e+00	2.49e-03	1.81e-05	2.02e-05
 1.03608e+19	3.07e-03	3.10e-01	6.87e-01	0.00e+00	0.00e+00	0.00e+00	0.00e+00	0.00e+00	0.00e+00	3.02e-03	2.20e-05	2.45e-05
 1.04216e+19	3.84e-03	3.40e-01	6.56e-01	0.00e+00	0.00e+00	0.00e+00	0.00e+00	0.00e+00	0.00e+00	3.78e-03	2.75e-05	3.06e-05
 1.04736e+19	4.71e-03	3.70e-01	6.26e-01	0.00e+00	0.00e+00	0.00e+00	0.00e+00	0.00e+00	0.00e+00	4.64e-03	3.37e-05	3.75e-05
 1.05169e+19	5.66e-03	3.97e-01	5.97e-01	0.00e+00	0.00e+00	0.00e+00	0.00e+00	0.00e+00	0.00e+00	5.58e-03	4.04e-05	4.50e-05
 1.05571e+19	6.78e-03	4.26e-01	5.67e-01	0.00e+00	0.00e+00	0.00e+00	0.00e+00	0.00e+00	0.00e+00	6.67e-03	4.82e-05	5.37e-05
 1.06034e+19	8.42e-03	4.62e-01	5.29e-01	0.00e+00	0.00e+00	0.00e+00	0.00e+00	0.00e+00	0.00e+00	8.29e-03	5.98e-05	6.66e-05
 1.06511e+19	1.07e-02	5.04e-01	4.85e-01	0.00e+00	0.00e+00	0.00e+00	0.00e+00	0.00e+00	0.00e+00	1.06e-02	7.59e-05	8.45e-05
 1.06884e+19	1.32e-02	5.41e-01	4.46e-01	0.00e+00	0.00e+00	0.00e+00	0.00e+00	0.00e+00	0.00e+00	1.30e-02	9.31e-05	1.04e-04
 1.07177e+19	1.57e-02	5.72e-01	4.13e-01	0.00e+00	0.00e+00	0.00e+00	0.00e+00	0.00e+00	0.00e+00	1.55e-02	1.10e-04	1.23e-04
 1.07489e+19	1.90e-02	6.06e-01	3.75e-01	0.00e+00	0.00e+00	0.00e+00	0.00e+00	0.00e+00	0.00e+00	1.87e-02	1.33e-04	1.48e-04
 1.07833e+19	2.38e-02	6.46e-01	3.30e-01	0.00e+00	0.00e+00	0.00e+00	0.00e+00	0.00e+00	0.00e+00	2.35e-02	1.66e-04	1.85e-04
 1.08132e+19	2.95e-02	6.81e-01	2.89e-01	0.00e+00	0.00e+00	0.00e+00	0.00e+00	0.00e+00	0.00e+00	2.91e-02	2.04e-04	2.28e-04
 1.08374e+19	3.56e-02	7.10e-01	2.54e-01	0.00e+00	0.00e+00	0.00e+00	0.00e+00	0.00e+00	0.00e+00	3.51e-02	2.45e-04	2.74e-04
 1.08590e+19	4.26e-02	7.35e-01	2.22e-01	0.00e+00	0.00e+00	0.00e+00	0.00e+00	0.00e+00	0.00e+00	4.20e-02	2.91e-04	3.25e-04
 1.08835e+19	5.24e-02	7.61e-01	1.87e-01	0.00e+00	0.00e+00	0.00e+00	0.00e+00	0.00e+00	0.00e+00	5.17e-02	3.55e-04	3.96e-04
 1.09074e+19	6.57e-02	7.82e-01	1.52e-01	0.00e+00	0.00e+00	0.00e+00	0.00e+00	0.00e+00	0.00e+00	6.48e-02	4.39e-04	4.92e-04
 1.09239e+19	7.81e-02	7.94e-01	1.28e-01	0.00e+00	0.00e+00	0.00e+00	0.00e+00	0.00e+00	0.00e+00	7.70e-02	5.17e-04	5.79e-04
 1.09358e+19	8.87e-02	8.00e-01	1.12e-01	0.00e+00	0.00e+00	0.00e+00	0.00e+00	0.00e+00	0.00e+00	8.75e-02	5.82e-04	6.51e-04
 1.09481e+19	1.02e-01	8.03e-01	9.55e-02	0.00e+00	0.00e+00	0.00e+00	0.00e+00	0.00e+00	0.00e+00	1.00e-01	6.60e-04	7.40e-04
 1.09617e+19	1.19e-01	8.02e-01	7.91e-02	0.00e+00	0.00e+00	0.00e+00	0.00e+00	0.00e+00	0.00e+00	1.17e-01	7.61e-04	8.53e-04
 1.09737e+19	1.38e-01	7.97e-01	6.54e-02	0.00e+00	0.00e+00	0.00e+00	0.00e+00	0.00e+00	0.00e+00	1.36e-01	8.68e-04	9.73e-04
 1.09836e+19	1.56e-01	7.89e-01	5.52e-02	0.00e+00	0.00e+00	0.00e+00	0.00e+00	0.00e+00	0.00e+00	1.54e-01	9.66e-04	1.08e-03
 1.09924e+19	1.74e-01	7.79e-01	4.68e-02	0.00e+00	0.00e+00	0.00e+00	0.00e+00	0.00e+00	0.00e+00	1.72e-01	1.06e-03	1.19e-03
 1.10024e+19	1.98e-01	7.63e-01	3.83e-02	0.00e+00	0.00e+00	0.00e+00	0.00e+00	0.00e+00	0.00e+00	1.96e-01	1.18e-03	1.33e-03
 1.10127e+19	2.27e-01	7.42e-01	3.05e-02	0.00e+00	0.00e+00	0.00e+00	0.00e+00	0.00e+00	0.00e+00	2.24e-01	1.32e-03	1.49e-03
 1.10209e+19	2.53e-01	7.22e-01	2.52e-02	0.00e+00	0.00e+00	0.00e+00	0.00e+00	0.00e+00	0.00e+00	2.50e-01	1.43e-03	1.61e-03
 1.10275e+19	2.75e-01	7.03e-01	2.14e-02	0.00e+00	0.00e+00	0.00e+00	0.00e+00	0.00e+00	0.00e+00	2.72e-01	1.53e-03	1.72e-03
 1.10349e+19	3.01e-01	6.81e-01	1.77e-02	0.00e+00	0.00e+00	0.00e+00	0.00e+00	0.00e+00	0.00e+00	2.98e-01	1.63e-03	1.84e-03
 1.10430e+19	3.33e-01	6.53e-01	1.42e-02	0.00e+00	0.00e+00	0.00e+00	0.00e+00	0.00e+00	0.00e+00	3.29e-01	1.74e-03	1.96e-03
 1.10502e+19	3.62e-01	6.26e-01	1.16e-02	0.00e+00	0.00e+00	0.00e+00	0.00e+00	0.00e+00	0.00e+00	3.58e-01	1.83e-03	2.07e-03
 1.10564e+19	3.88e-01	6.02e-01	9.66e-03	0.00e+00	0.00e+00	0.00e+00	0.00e+00	0.00e+00	0.00e+00	3.84e-01	1.91e-03	2.16e-03
 1.10629e+19	4.15e-01	5.77e-01	7.94e-03	0.00e+00	0.00e+00	0.00e+00	0.00e+00	0.00e+00	0.00e+00	4.11e-01	1.98e-03	2.23e-03
 1.10699e+19	4.46e-01	5.48e-01	6.39e-03	0.00e+00	0.00e+00	0.00e+00	0.00e+00	0.00e+00	0.00e+00	4.42e-01	2.04e-03	2.31e-03
 1.10766e+19	4.75e-01	5.20e-01	5.16e-03	0.00e+00	0.00e+00	0.00e+00	0.00e+00	0.00e+00	0.00e+00	4.71e-01	2.09e-03	2.37e-03
 1.10827e+19	5.01e-01	4.95e-01	4.25e-03	0.00e+00	0.00e+00	0.00e+00	0.00e+00	0.00e+00	0.00e+00	4.96e-01	2.13e-03	2.41e-03
 1.10883e+19	5.25e-01	4.72e-01	3.53e-03	0.00e+00	0.00e+00	0.00e+00	0.00e+00	0.00e+00	0.00e+00	5.20e-01	2.15e-03	2.44e-03
 1.10938e+19	5.47e-01	4.50e-01	2.93e-03	0.00e+00	0.00e+00	0.00e+00	0.00e+00	0.00e+00	0.00e+00	5.43e-01	2.17e-03	2.46e-03
 1.10992e+19	5.70e-01	4.27e-01	2.43e-03	0.00e+00	0.00e+00	0.00e+00	0.00e+00	0.00e+00	0.00e+00	5.66e-01	2.18e-03	2.47e-03
 1.11045e+19	5.91e-01	4.07e-01	2.02e-03	0.00e+00	0.00e+00	0.00e+00	0.00e+00	0.00e+00	0.00e+00	5.87e-01	2.18e-03	2.47e-03
 1.11088e+19	6.08e-01	3.91e-01	1.75e-03	0.00e+00	0.00e+00	0.00e+00	0.00e+00	0.00e+00	0.00e+00	6.03e-01	2.18e-03	2.47e-03
 1.11116e+19	6.17e-01	3.81e-01	1.59e-03	0.00e+00	0.00e+00	0.00e+00	0.00e+00	0.00e+00	0.00e+00	6.13e-01	2.17e-03	2.47e-03
 1.11144e+19	6.27e-01	3.71e-01	1.44e-03	0.00e+00	0.00e+00	0.00e+00	0.00e+00	0.00e+00	0.00e+00	6.23e-01	2.17e-03	2.46e-03
 1.11178e+19	6.40e-01	3.59e-01	1.27e-03	0.00e+00	0.00e+00	0.00e+00	0.00e+00	0.00e+00	0.00e+00	6.36e-01	2.16e-03	2.45e-03
 1.11215e+19	6.54e-01	3.45e-01	1.10e-03	0.00e+00	0.00e+00	0.00e+00	0.00e+00	0.00e+00	0.00e+00	6.49e-01	2.15e-03	2.44e-03
 1.11248e+19	6.65e-01	3.34e-01	9.79e-04	0.00e+00	0.00e+00	0.00e+00	0.00e+00	0.00e+00	0.00e+00	6.61e-01	2.13e-03	2.42e-03
 1.11279e+19	6.76e-01	3.23e-01	8.71e-04	0.00e+00	0.00e+00	0.00e+00	0.00e+00	0.00e+00	0.00e+00	6.72e-01	2.12e-03	2.41e-03
 1.11310e+19	6.87e-01	3.12e-01	7.73e-04	0.00e+00	0.00e+00	0.00e+00	0.00e+00	0.00e+00	0.00e+00	6.83e-01	2.10e-03	2.39e-03
 1.11343e+19	6.99e-01	3.01e-01	6.80e-04	0.00e+00	0.00e+00	0.00e+00	0.00e+00	0.00e+00	0.00e+00	6.94e-01	2.09e-03	2.37e-03
 1.11376e+19	7.10e-01	2.89e-01	5.97e-04	0.00e+00	0.00e+00	0.00e+00	0.00e+00	0.00e+00	0.00e+00	7.06e-01	2.07e-03	2.34e-03
 1.11408e+19	7.20e-01	2.79e-01	5.27e-04	0.00e+00	0.00e+00	0.00e+00	0.00e+00	0.00e+00	0.00e+00	7.16e-01	2.05e-03	2.32e-03
 1.11438e+19	7.30e-01	2.69e-01	4.66e-04	0.00e+00	0.00e+00	0.00e+00	0.00e+00	0.00e+00	0.00e+00	7.26e-01	2.02e-03	2.30e-03
 1.11470e+19	7.40e-01	2.59e-01	4.10e-04	0.00e+00	0.00e+00	0.00e+00	0.00e+00	0.00e+00	0.00e+00	7.36e-01	2.00e-03	2.27e-03
 1.11502e+19	7.51e-01	2.49e-01	3.59e-04	0.00e+00	0.00e+00	0.00e+00	0.00e+00	0.00e+00	0.00e+00	7.46e-01	1.98e-03	2.24e-03
 1.11533e+19	7.60e-01	2.40e-01	3.15e-04	0.00e+00	0.00e+00	0.00e+00	0.00e+00	0.00e+00	0.00e+00	7.56e-01	1.95e-03	2.21e-03
 1.11564e+19	7.69e-01	2.30e-01	2.77e-04	0.00e+00	0.00e+00	0.00e+00	0.00e+00	0.00e+00	0.00e+00	7.65e-01	1.92e-03	2.18e-03
 1.11595e+19	7.78e-01	2.21e-01	2.43e-04	0.00e+00	0.00e+00	0.00e+00	0.00e+00	0.00e+00	0.00e+00	7.74e-01	1.89e-03	2.15e-03
 1.11626e+19	7.87e-01	2.13e-01	2.13e-04	0.00e+00	0.00e+00	0.00e+00	0.00e+00	0.00e+00	0.00e+00	7.83e-01	1.86e-03	2.12e-03
 1.11657e+19	7.96e-01	2.04e-01	1.86e-04	0.00e+00	0.00e+00	0.00e+00	0.00e+00	0.00e+00	0.00e+00	7.92e-01	1.84e-03	2.08e-03
 1.11688e+19	8.04e-01	1.96e-01	1.62e-04	0.00e+00	0.00e+00	0.00e+00	0.00e+00	0.00e+00	0.00e+00	8.00e-01	1.81e-03	2.05e-03
 1.11719e+19	8.12e-01	1.88e-01	1.42e-04	0.00e+00	0.00e+00	0.00e+00	0.00e+00	0.00e+00	0.00e+00	8.08e-01	1.78e-03	2.01e-03
 1.11750e+19	8.20e-01	1.80e-01	1.24e-04	0.00e+00	0.00e+00	0.00e+00	0.00e+00	0.00e+00	0.00e+00	8.16e-01	1.75e-03	1.98e-03
 1.11780e+19	8.27e-01	1.73e-01	1.08e-04	0.00e+00	0.00e+00	0.00e+00	0.00e+00	0.00e+00	0.00e+00	8.24e-01	1.72e-03	1.95e-03
 1.11811e+19	8.34e-01	1.65e-01	9.40e-05	0.00e+00	0.00e+00	0.00e+00	0.00e+00	0.00e+00	0.00e+00	8.31e-01	1.69e-03	1.91e-03
 1.11841e+19	8.42e-01	1.58e-01	8.17e-05	0.00e+00	0.00e+00	0.00e+00	0.00e+00	0.00e+00	0.00e+00	8.38e-01	1.66e-03	1.88e-03
 1.11871e+19	8.48e-01	1.52e-01	7.12e-05	0.00e+00	0.00e+00	0.00e+00	0.00e+00	0.00e+00	0.00e+00	8.45e-01	1.63e-03	1.84e-03
 1.11901e+19	8.55e-01	1.45e-01	6.20e-05	0.00e+00	0.00e+00	0.00e+00	0.00e+00	0.00e+00	0.00e+00	8.51e-01	1.60e-03	1.81e-03
 1.11931e+19	8.61e-01	1.39e-01	5.40e-05	0.00e+00	0.00e+00	0.00e+00	0.00e+00	0.00e+00	0.00e+00	8.57e-01	1.57e-03	1.78e-03
 1.11960e+19	8.67e-01	1.33e-01	4.70e-05	0.00e+00	0.00e+00	0.00e+00	0.00e+00	0.00e+00	0.00e+00	8.64e-01	1.54e-03	1.75e-03
 1.11990e+19	8.73e-01	1.27e-01	4.10e-05	0.00e+00	0.00e+00	0.00e+00	0.00e+00	0.00e+00	0.00e+00	8.69e-01	1.52e-03	1.71e-03
 1.12018e+19	8.78e-01	1.22e-01	3.57e-05	0.00e+00	0.00e+00	0.00e+00	0.00e+00	0.00e+00	0.00e+00	8.75e-01	1.49e-03	1.68e-03
 1.12047e+19	8.83e-01	1.17e-01	3.12e-05	0.00e+00	0.00e+00	0.00e+00	0.00e+00	0.00e+00	0.00e+00	8.80e-01	1.47e-03	1.66e-03
 1.12075e+19	8.88e-01	1.12e-01	2.73e-05	0.00e+00	0.00e+00	0.00e+00	0.00e+00	0.00e+00	0.00e+00	8.85e-01	1.44e-03	1.63e-03
 1.12103e+19	8.93e-01	1.07e-01	2.39e-05	0.00e+00	0.00e+00	0.00e+00	0.00e+00	0.00e+00	0.00e+00	8.90e-01	1.42e-03	1.60e-03
 1.12130e+19	8.97e-01	1.03e-01	2.08e-05	0.00e+00	0.00e+00	0.00e+00	0.00e+00	0.00e+00	0.00e+00	8.94e-01	1.39e-03	1.57e-03
 1.12158e+19	9.01e-01	9.87e-02	1.83e-05	0.00e+00	0.00e+00	0.00e+00	0.00e+00	0.00e+00	0.00e+00	8.98e-01	1.37e-03	1.55e-03
 1.12184e+19	9.05e-01	9.46e-02	1.60e-05	0.00e+00	0.00e+00	0.00e+00	0.00e+00	0.00e+00	0.00e+00	9.03e-01	1.35e-03	1.52e-03
 1.12211e+19	9.09e-01	9.08e-02	1.41e-05	0.00e+00	0.00e+00	0.00e+00	0.00e+00	0.00e+00	0.00e+00	9.06e-01	1.33e-03	1.50e-03
 1.12238e+19	9.13e-01	8.69e-02	1.23e-05	0.00e+00	0.00e+00	0.00e+00	0.00e+00	0.00e+00	0.00e+00	9.10e-01	1.31e-03	1.47e-03
 1.12264e+19	9.17e-01	8.34e-02	1.08e-05	0.00e+00	0.00e+00	0.00e+00	0.00e+00	0.00e+00	0.00e+00	9.14e-01	1.29e-03	1.45e-03
 1.12290e+19	9.20e-01	8.00e-02	9.53e-06	0.00e+00	0.00e+00	0.00e+00	0.00e+00	0.00e+00	0.00e+00	9.17e-01	1.27e-03	1.43e-03
 1.12315e+19	9.23e-01	7.69e-02	8.39e-06	0.00e+00	0.00e+00	0.00e+00	0.00e+00	0.00e+00	0.00e+00	9.20e-01	1.25e-03	1.41e-03
 1.12340e+19	9.26e-01	7.38e-02	7.39e-06	0.00e+00	0.00e+00	0.00e+00	0.00e+00	0.00e+00	0.00e+00	9.24e-01	1.24e-03	1.39e-03
 1.12366e+19	9.29e-01	7.08e-02	6.51e-06	0.00e+00	0.00e+00	0.00e+00	0.00e+00	0.00e+00	0.00e+00	9.27e-01	1.22e-03	1.37e-03
 1.12391e+19	9.32e-01	6.79e-02	5.73e-06	0.00e+00	0.00e+00	0.00e+00	0.00e+00	0.00e+00	0.00e+00	9.30e-01	1.20e-03	1.35e-03
 1.12415e+19	9.35e-01	6.52e-02	5.06e-06	0.00e+00	0.00e+00	0.00e+00	0.00e+00	0.00e+00	0.00e+00	9.32e-01	1.19e-03	1.33e-03
 1.12440e+19	9.37e-01	6.27e-02	4.47e-06	0.00e+00	0.00e+00	0.00e+00	0.00e+00	0.00e+00	0.00e+00	9.35e-01	1.17e-03	1.31e-03
 1.12464e+19	9.40e-01	6.02e-02	3.95e-06	0.00e+00	0.00e+00	0.00e+00	0.00e+00	0.00e+00	0.00e+00	9.37e-01	1.16e-03	1.30e-03
 1.12488e+19	9.42e-01	5.78e-02	3.49e-06	0.00e+00	0.00e+00	0.00e+00	0.00e+00	0.00e+00	0.00e+00	9.40e-01	1.14e-03	1.28e-03
 1.12512e+19	9.44e-01	5.56e-02	3.09e-06	0.00e+00	0.00e+00	0.00e+00	0.00e+00	0.00e+00	0.00e+00	9.42e-01	1.13e-03	1.26e-03
 1.12536e+19	9.47e-01	5.34e-02	2.73e-06	0.00e+00	0.00e+00	0.00e+00	0.00e+00	0.00e+00	0.00e+00	9.44e-01	1.12e-03	1.25e-03
 1.12560e+19	9.49e-01	5.13e-02	2.42e-06	0.00e+00	0.00e+00	0.00e+00	0.00e+00	0.00e+00	0.00e+00	9.46e-01	1.10e-03	1.23e-03
 1.12584e+19	9.51e-01	4.93e-02	2.15e-06	0.00e+00	0.00e+00	0.00e+00	0.00e+00	0.00e+00	0.00e+00	9.48e-01	1.09e-03	1.22e-03
 1.12607e+19	9.53e-01	4.75e-02	1.91e-06	0.00e+00	0.00e+00	0.00e+00	0.00e+00	0.00e+00	0.00e+00	9.50e-01	1.08e-03	1.21e-03
 1.12630e+19	9.54e-01	4.56e-02	1.69e-06	0.00e+00	0.00e+00	0.00e+00	0.00e+00	0.00e+00	0.00e+00	9.52e-01	1.07e-03	1.19e-03
 1.12654e+19	9.56e-01	4.38e-02	1.50e-06	0.00e+00	0.00e+00	0.00e+00	0.00e+00	0.00e+00	0.00e+00	9.54e-01	1.06e-03	1.18e-03
 1.12677e+19	9.58e-01	4.21e-02	1.33e-06	0.00e+00	0.00e+00	0.00e+00	0.00e+00	0.00e+00	0.00e+00	9.56e-01	1.05e-03	1.17e-03
 1.12700e+19	9.59e-01	4.06e-02	1.18e-06	0.00e+00	0.00e+00	0.00e+00	0.00e+00	0.00e+00	0.00e+00	9.57e-01	1.04e-03	1.16e-03
 1.12722e+19	9.61e-01	3.90e-02	1.05e-06	0.00e+00	0.00e+00	0.00e+00	0.00e+00	0.00e+00	0.00e+00	9.59e-01	1.03e-03	1.15e-03
 1.12745e+19	9.62e-01	3.75e-02	9.34e-07	0.00e+00	0.00e+00	0.00e+00	0.00e+00	0.00e+00	0.00e+00	9.60e-01	1.02e-03	1.13e-03
 1.12768e+19	9.64e-01	3.61e-02	8.30e-07	0.00e+00	0.00e+00	0.00e+00	0.00e+00	0.00e+00	0.00e+00	9.62e-01	1.01e-03	1.12e-03
 1.12791e+19	9.65e-01	3.47e-02	7.40e-07	0.00e+00	0.00e+00	0.00e+00	0.00e+00	0.00e+00	0.00e+00	9.63e-01	1.00e-03	1.11e-03
 1.12813e+19	9.67e-01	3.34e-02	6.59e-07	0.00e+00	0.00e+00	0.00e+00	0.00e+00	0.00e+00	0.00e+00	9.64e-01	9.94e-04	1.10e-03
 1.12835e+19	9.68e-01	3.22e-02	5.87e-07	0.00e+00	0.00e+00	0.00e+00	0.00e+00	0.00e+00	0.00e+00	9.66e-01	9.86e-04	1.09e-03
 1.12858e+19	9.69e-01	3.09e-02	5.23e-07	0.00e+00	0.00e+00	0.00e+00	0.00e+00	0.00e+00	0.00e+00	9.67e-01	9.78e-04	1.09e-03
 1.12880e+19	9.70e-01	2.98e-02	4.66e-07	0.00e+00	0.00e+00	0.00e+00	0.00e+00	0.00e+00	0.00e+00	9.68e-01	9.71e-04	1.08e-03
 1.12902e+19	9.71e-01	2.87e-02	4.16e-07	0.00e+00	0.00e+00	0.00e+00	0.00e+00	0.00e+00	0.00e+00	9.69e-01	9.64e-04	1.07e-03
 1.12924e+19	9.72e-01	2.76e-02	3.71e-07	0.00e+00	0.00e+00	0.00e+00	0.00e+00	0.00e+00	0.00e+00	9.70e-01	9.57e-04	1.06e-03
 1.12946e+19	9.73e-01	2.65e-02	3.31e-07	0.00e+00	0.00e+00	0.00e+00	0.00e+00	0.00e+00	0.00e+00	9.71e-01	9.50e-04	1.05e-03
 1.12968e+19	9.74e-01	2.56e-02	2.96e-07	0.00e+00	0.00e+00	0.00e+00	0.00e+00	0.00e+00	0.00e+00	9.72e-01	9.44e-04	1.04e-03
 1.12990e+19	9.75e-01	2.46e-02	2.64e-07	0.00e+00	0.00e+00	0.00e+00	0.00e+00	0.00e+00	0.00e+00	9.73e-01	9.38e-04	1.04e-03
 1.13012e+19	9.76e-01	2.37e-02	2.36e-07	0.00e+00	0.00e+00	0.00e+00	0.00e+00	0.00e+00	0.00e+00	9.74e-01	9.32e-04	1.03e-03
 1.13034e+19	9.77e-01	2.28e-02	2.11e-07	0.00e+00	0.00e+00	0.00e+00	0.00e+00	0.00e+00	0.00e+00	9.75e-01	9.26e-04	1.02e-03
 1.13055e+19	9.78e-01	2.20e-02	1.89e-07	0.00e+00	0.00e+00	0.00e+00	0.00e+00	0.00e+00	0.00e+00	9.76e-01	9.20e-04	1.02e-03
 1.13077e+19	9.79e-01	2.12e-02	1.69e-07	0.00e+00	0.00e+00	0.00e+00	0.00e+00	0.00e+00	0.00e+00	9.77e-01	9.15e-04	1.01e-03
 1.13098e+19	9.80e-01	2.04e-02	1.51e-07	0.00e+00	0.00e+00	0.00e+00	0.00e+00	0.00e+00	0.00e+00	9.78e-01	9.10e-04	1.00e-03
 1.13120e+19	9.80e-01	1.96e-02	1.35e-07	0.00e+00	0.00e+00	0.00e+00	0.00e+00	0.00e+00	0.00e+00	9.78e-01	9.05e-04	9.98e-04
 1.13142e+19	9.81e-01	1.89e-02	1.21e-07	0.00e+00	0.00e+00	0.00e+00	0.00e+00	0.00e+00	0.00e+00	9.79e-01	9.00e-04	9.92e-04
 1.13163e+19	9.82e-01	1.82e-02	1.09e-07	0.00e+00	0.00e+00	0.00e+00	0.00e+00	0.00e+00	0.00e+00	9.80e-01	8.95e-04	9.87e-04
 1.13184e+19	9.83e-01	1.75e-02	9.74e-08	0.00e+00	0.00e+00	0.00e+00	0.00e+00	0.00e+00	0.00e+00	9.81e-01	8.90e-04	9.81e-04
 1.13206e+19	9.83e-01	1.68e-02	8.74e-08	0.00e+00	0.00e+00	0.00e+00	0.00e+00	0.00e+00	0.00e+00	9.81e-01	8.86e-04	9.76e-04
 1.13227e+19	9.84e-01	1.62e-02	7.85e-08	0.00e+00	0.00e+00	0.00e+00	0.00e+00	0.00e+00	0.00e+00	9.82e-01	8.81e-04	9.70e-04
 1.13248e+19	9.84e-01	1.56e-02	7.04e-08	0.00e+00	0.00e+00	0.00e+00	0.00e+00	0.00e+00	0.00e+00	9.83e-01	8.77e-04	9.65e-04
